1128641321 0
1128970736 0
1129165873 769
1129204905 0
1129208161 161
1129289606 0
1129391855 92
1129418614 0
1129501498 1
1129547423 1
1129820555 0
1129895992 0
1129903372 1
1130078242 68
1130140288 1
1130157495 0
1130251392 106
1130443843 19
1130688049 0
1130695749 0
1131021287 0
1131030133 73
1131036199 497
1131041142 0
1131366771 74
1132066404 0
1132230134 639
1132233542 27
1132317395 63
1132320994 0
1132341246 0
1132583714 0
1132600024 333
1132609198 116
1132613271 727
1132841310 0
1132853835 0
1132898823 0
1132912119 0
1132940618 0
1133009419 0
1133044907 0
1133052051 0
1133059989 0
1133062794 1
1133066225 0
1133135353 1
1133150665 0
1133314544 1
1133363223 0
1133409300 417
1133494287 0
1133517076 0
1133555637 0
1133622090 0
1133877029 0
1133922162 0
1133971738 1
1134109054 99
1134116483 0
1134159082 2274
1134357586 79
1134403832 1
1134451137 0
1134496432 0
1134573528 0
1134599405 158
1134630996 109
1134724844 0
1134773881 54
1134937983 0
1135577301 0
