1425250667	946	1088
1425250777	948	1082
1425250886	897	1030
1425250995	784	913
1425251105	1069	1069
1425251213	900	1039
1425251324	967	967
1425251438	820	938
1425251506	768	768
1425251613	1051	1051
1425251657	914	914
1425251671	1130	1130
1425251711	1009	1009
1425251874	980	980
1425251983	841	975
1425252093	853	991
1425252205	798	937
1425252315	962	962
1425252425	1146	8368
1425252534	1337	8189
1425252753	1026	1026
1425252792	1037	1037
1425252904	937	937
1425253190	836	960
1425253300	699	847
1425253411	898	1035
1425253519	950	1074
1425253631	775	9258
1425253706	1132	1132
1425253770	1148	1148
1425253812	1102	1102
1425253898	1030	9324
1425253904	871	871
1425253911	905	905
1425254013	1042	1042
1425254289	1033	1158
1425254398	1047	1175
1425254508	850	983
1425254619	956	1076
1425254728	978	1108
1425254782	975	1062
1425254917	815	848
1425255060	898	1023
1425255172	1065	1188
1425255282	1019	1139
1425255377	845	63240
1425255423	889	1661
1425255609	932	1064
1425255717	1007	1144
1425255785	891	4249
1425255924	903	16246
1425256048	1218	29770
1425256104	960	27894
1425256109	1080	5560
1425256189	1338	6162
1425256373	809	924
1425256597	879	1006
1425256628	1013	5368
1425256739	1527	4223
1425256818	533	573
1425256929	847	45334
1425257038	955	1093
1425257367	928	8112
1425257479	864	1002
1425257588	910	1034
1425257698	892	1027
1425257808	912	1036
1425257917	955	1100
1425258030	1392	8770
1425258140	1002	7707
1425258248	817	1006
1425258357	875	1004
1425258469	820	16112
1425258693	879	1022
1425258917	1468	2303
1425259135	922	1053
1425259246	782	914
1425259357	945	1085
1425259465	980	1106
1425259507	938	4144
1425259618	939	1054
1425259797	1026	1143
1425259908	995	1112
1425260020	877	1050
1425260130	933	1205
1425260239	754	876
1425260346	1305	1427
1425260457	1440	1672
1425260567	1110	1242
1425260830	860	980
1425260989	1171	1280
1425261046	1134	1257
1425261156	1055	3740
1425261333	881	999
1425261443	931	1055
1425261552	977	1112
1425261662	827	955
1425261772	958	1085
1425261884	1126	1244
1425261992	1196	1332
1425262101	801	916
1425262210	911	1043
1425262320	1028	1141
1425262430	822	939
1425262541	980	1106
1425262650	976	1097
1425262759	930	1066
1425262846	1011	1154
1425262848	825	1156
1425262915	796	910
1425262982	895	1016
1425263092	942	1076
1425263202	812	940
1425263317	1003	1138
1425263426	963	1101
1425263537	1014	1135
1425263646	876	997
1425263755	765	899
1425263977	1202	1330
1425264088	1125	1260
1425264196	866	1010
1425264415	907	1033
1425264526	961	1535
1425264636	919	1049
1425264749	1189	1752
1425264860	912	1049
1425265072	1006	1898
1425265091	541	564
1425265188	1043	1168
1425265299	1099	1242
1425265520	779	916
1425265629	860	2364
1425265737	836	977
1425265846	958	4083
1425265911	988	1127
1425265913	796	1097
1425265988	744	8366
1425266178	1069	1221
1425266287	912	1034
1425266397	831	956
1425266507	981	1094
1425266618	923	1072
1425266728	833	960
1425266839	875	1024
1425266950	1110	1754
1425267060	909	1035
1425267170	1000	1144
1425267279	766	887
1425267390	746	906
1425267501	877	1010
1425267612	859	977
1425267721	890	1012
1425267830	848	968
1425267938	932	1057
1425268049	911	1030
1425268157	934	1067
1425268265	1055	1191
1425268375	893	1016
1425268597	931	4512
1425268707	868	988
1425268815	900	1031
1425268923	928	1053
1425269004	1056	7140
1425269028	946	17405
1425269032	896	1027
1425269058	920	941
1425269106	657	685
1425269182	832	974
1425269200	724	16996
1425269286	943	7479
1425269293	711	731
1425269352	755	4883
1425269387	871	3978
1425269410	759	786
1425269582	797	936
1425269693	835	962
1425269803	869	1004
1425269913	925	1051
1425270025	898	1032
1425270135	878	1017
1425270247	799	935
1425270357	852	993
1425270467	978	1112
1425270577	921	1047
1425270667	864	988
1425270729	958	1052
1425270754	746	5391
1425270780	725	750
1425270787	790	6152
1425270906	850	982
1425271015	1158	1285
1425271123	973	1101
1425271229	922	1035
1425271258	645	673
1425271281	935	3867
1425271451	774	899
1425271561	871	1001
1425271670	945	1065
1425271779	908	1056
1425271850	873	1897
1425271913	538	1554
1425272115	793	942
1425272226	995	1215
1425272338	1025	1159
1425272445	858	990
1425272557	1033	1173
1425272668	835	961
1425272780	901	1026
1425272889	1094	1217
1425273001	857	991
1425273110	814	940
1425273218	889	1017
1425273434	927	1055
1425273545	789	918
1425273655	889	1013
1425273765	844	982
1425273876	927	1064
1425273984	986	1114
1425274096	1011	1144
1425274206	1227	1352
1425274318	1042	1184
1425274429	906	1166
1425274538	835	974
1425274647	804	925
1425274761	986	1108
1425274806	843	11930
1425274818	952	1057
1425274985	865	1006
1425275095	960	1074
1425275206	874	1009
1425275316	964	1096
1425275425	823	971
1425275536	896	1040
1425275646	1080	1221
1425275756	727	857
1425275791	851	971
1425275865	831	17987
1425275886	517	3236
1425275914	832	5051
1425275928	776	1715
1425275934	888	943
1425275942	769	4709
1425276027	1101	1212
1425276198	874	998
1425276308	858	990
1425276419	982	1119
1425276529	890	1027
1425276638	943	1066
1425276730	890	60006
1425276777	926	1309
1425276966	880	1003
1425277292	909	1043
1425277402	920	1052
1425277513	891	1018
1425277623	922	1046
1425277732	902	1013
1425277843	800	916
1425277953	802	940
1425278062	928	1054
1425278173	968	1093
1425278282	936	1052
1425278501	926	1045
1425278610	1018	1134
1425278718	801	935
1425278827	919	1063
1425278937	804	930
1425279049	1558	8642
1425279156	965	7723
1425279265	1309	8609
1425279485	1156	8291
1425279701	1508	1508
1425279809	965	3206
1425279916	1072	3317
1425280024	961	3479
1425280132	1013	1013
1425280241	1830	1830
1425280347	950	950
1425280455	1106	1106
1425280562	1075	3370
1425280670	1029	1029
1425280778	780	893
1425280890	998	1123
1425280999	868	994
1425281219	989	989
1425281327	940	940
1425281436	1222	4470
1425281544	1226	1344
1425281653	782	905
1425281763	756	756
1425281982	1377	10049
1425282090	879	1966
1425282204	1005	1114
1425282314	871	999
1425282374	1027	1297
1425282535	1089	1213
1425282645	823	943
1425282756	794	2609
1425282770	803	829
1425282796	1301	1408
1425282824	826	8735
1425283086	812	936
1425283303	809	947
1425283411	832	959
1425283520	805	938
1425283630	863	999
1425283740	938	1060
1425283849	935	1079
1425283956	881	1010
1425284067	754	870
1425284177	749	882
1425284289	998	1134
1425284398	971	1104
1425284509	775	896
1425284620	913	1043
1425284731	858	987
1425284841	919	1060
1425284950	888	1016
1425285059	1072	1207
1425285170	960	1081
1425285280	914	1048
1425285389	995	1120
1425285499	1119	7924
1425285720	957	1072
1425285829	845	974
1425285937	799	915
1425286046	858	980
1425286084	801	8194
1425286271	957	1089
1425286298	918	1021
1425286337	886	922
1425286602	902	1041
1425286712	940	1070
1425286821	843	8179
1425286931	1067	1192
1425287038	855	7380
1425287147	865	990
1425287259	879	1006
1425287369	993	1121
1425287480	919	1045
1425287589	1049	1175
1425287640	851	1595
1425287698	971	1112
1425287917	935	1063
1425288027	919	1046
1425288137	858	973
1425288246	788	919
1425288357	836	3146
1425288577	953	1101
1425288685	984	1117
1425288796	763	892
1425288908	1315	1452
1425289019	1159	1280
1425289127	965	1087
1425289237	810	952
1425289347	868	1001
1425289457	948	1084
1425289513	856	23138
1425289675	923	2142
1425289785	811	3168
1425290019	738	13581
1425290116	933	1308
1425290335	883	1006
1425290393	807	921
1425290445	1042	3560
1425290495	763	879
1425290590	795	915
1425290772	859	1013
1425290879	861	1016
1425290926	837	938
1425291010	905	937
1425291050	907	5870
1425291060	783	8866
1425291116	994	1119
1425291144	967	12383
1425291319	835	958
1425291540	891	1043
1425291650	790	911
1425291759	882	1008
1425291868	914	1049
1425291976	929	1074
1425292086	829	974
1425292195	926	1042
1425292304	893	1058
1425292414	810	935
1425292526	787	902
1425292638	868	990
1425292749	792	915
1425293067	830	872
1425293127	892	1022
1425293144	814	838
1425293238	804	933
1425293411	827	954
1425293522	853	973
1425293631	895	895
1425293741	907	1055
1425293774	956	1091
1425293828	897	1068
