1425250672	1126	1280
1425250782	912	1123
1425250891	1096	1252
1425251000	1152	1431
1425251109	1477	1477
1425251218	1252	1420
1425251329	1463	1463
1425251443	937	1097
1425251662	1513	4479
1425251771	1590	1590
1425251879	1476	1476
1425251988	1161	1324
1425252099	1121	1284
1425252209	990	1161
1425252320	1530	1530
1425252350	1156	1156
1425252413	1097	1097
1425252438	1130	1130
1425252458	1267	1267
1425252566	1582	1582
1425252683	1065	1065
1425252706	1033	1033
1425252757	1417	1417
1425252866	1729	4023
1425252975	1159	1327
1425253025	1199	1359
1425253115	2008	2031
1425253123	963	984
1425253162	1266	32899
1425253305	1052	1208
1425253416	1149	1299
1425253525	1098	1274
1425253636	1445	1612
1425253745	1509	2175
1425253853	1717	1717
1425253964	1690	3527
1425254054	1158	1158
1425254100	1705	1705
1425254145	1108	2936
1425254207	1327	1327
1425254212	1996	1996
1425254403	1344	1503
1425254513	1132	1295
1425254624	1164	1318
1425254732	1116	1283
1425254843	1045	1193
1425255065	1035	1210
1425255176	1125	1282
1425255287	1113	1289
1425255395	1080	17926
1425255447	1279	1394
1425255499	1074	4766
1425255544	912	5029
1425255634	985	1010
1425255642	1099	6352
1425255668	1133	11133
1425255742	1252	1273
1425255753	1109	6876
1425255760	968	6128
1425255943	1065	1224
1425256015	929	1040
1425256268	1278	1426
1425256378	874	1016
1425256448	1328	1443
1425256473	1099	12620
1425256490	878	12889
1425256520	2095	2130
1425256547	1180	7771
1425256714	1160	1352
1425256779	1211	1342
1425256853	985	5910
1425256973	887	912
1425257070	835	1853
1425257073	992	2674
1425257194	1049	1080
1425257245	1022	16194
1425257309	1076	1109
1425257403	1609	1803
1425257407	1148	4330
1425257498	1395	1551
1425257507	1061	1186
1425257519	959	983
1425257556	971	7785
1425257636	1158	11501
1425257659	1036	1062
1425257673	2145	2171
1425257677	1010	3634
1425257703	978	1119
1425257736	1078	1101
1425257781	993	1029
1425257845	1090	1871
1425257951	1062	17548
1425257975	1150	1954
1425258016	1054	5072
1425258072	870	11224
1425258121	1091	6285
1425258144	1118	1767
1425258177	1141	1313
1425258232	1002	1027
1425258287	1043	5956
1425258362	1078	2669
1425258474	1138	1326
1425258839	1006	11002
1425258969	1208	1239
1425258971	848	1524
1425259250	930	1099
1425259362	1150	1310
1425259579	1138	1289
1425259690	1188	1361
1425259802	931	1102
1425259913	1070	1266
1425260025	1095	1269
1425260134	1097	1274
1425260244	934	1097
1425260351	1342	1365
1425260394	887	19817
1425260430	874	24120
1425260510	983	1012
1425260586	995	995
1425260610	950	994
1425260661	1402	1514
1425260709	1562	1674
1425260749	730	1157
1425260765	1327	2977
1425260781	1012	2236
1425260903	1330	3931
1425261011	1287	1455
1425261229	1489	1697
1425261337	1107	1257
1425261447	1155	1337
1425261557	1190	1391
1425261667	1123	1334
1425261777	1173	1338
1425261888	1226	1429
1425261996	1369	1553
1425262106	996	1347
1425262215	1123	1305
1425262325	1099	1240
1425262435	985	1134
1425262545	911	1098
1425262655	1198	1380
1425262763	1154	1341
1425262874	968	24509
1425262987	931	1082
1425263097	1108	1269
1425263207	954	1096
1425263322	1183	1342
1425263431	941	1088
1425263541	1168	1307
1425263652	1148	1394
1425263760	1121	1272
1425263817	1291	1433
1425263907	869	898
1425264093	1311	1438
1425264201	1023	1177
1425264309	1150	3495
1425264421	1321	1472
1425264459	1104	1151
1425264464	1214	4204
1425264523	1032	27793
1425264589	950	977
1425264627	904	1510
1425264663	971	4189
1425264669	1033	1900
1425264865	1242	1278
1425264973	1188	1358
1425265193	1237	1390
1425265303	1118	1280
1425265525	976	1122
1425265743	1590	1869
1425266071	1017	1221
1425266182	1192	1346
1425266291	1110	1294
1425266402	1271	1431
1425266511	927	1084
1425266623	1099	1250
1425266733	1048	1200
1425266844	1183	1342
1425266879	1039	1066
1425266902	989	8021
1425266911	1414	4942
1425266915	994	2505
1425266990	1445	1561
1425267064	996	1021
1425267175	1138	1365
1425267284	1110	1290
1425267394	982	1127
1425267507	873	1050
1425267617	1315	1484
1425267726	1120	1295
1425267835	1127	1323
1425267943	1087	1243
1425268162	1229	1393
1425268270	1374	1536
1425268380	1111	1262
1425268439	1055	5831
1425268442	956	1544
1425268522	991	3400
1425268543	1050	1424
1425268563	865	888
1425268712	1027	1177
1425268820	1093	1245
1425268928	1060	1217
1425269257	1028	1181
1425269477	1176	1353
1425269587	1091	1256
1425269697	1113	1273
1425269808	1038	1184
1425269919	894	1081
1425270030	1121	1253
1425270141	1167	1310
1425270251	1149	1286
1425270361	890	1037
1425270472	1303	1467
1425270582	1341	2463
1425270801	1212	1349
1425270832	923	1038
1425271019	1402	1553
1425271128	1129	1296
1425271237	1210	1350
1425271346	1111	1296
1425271455	1007	1187
1425271566	1027	3439
1425271675	1079	1246
1425271784	1188	1343
1425271894	1398	1586
1425272007	964	1123
1425272120	984	1146
1425272231	1085	1254
1425272342	1250	1430
1425272394	916	1600
1425272486	1033	1063
1425272593	1159	5043
1425272671	955	1076
1425272696	987	1099
1425272700	944	2261
1425272894	1260	1420
1425273005	1103	1267
1425273115	1168	1309
1425273223	1113	1262
1425273330	1220	1374
1425273439	1377	1567
1425273550	1133	1287
1425273660	925	1085
1425273770	1148	1321
1425273881	1069	1254
1425273989	1475	1627
1425274101	1228	1404
1425274211	853	1009
1425274322	1020	1179
1425274433	1061	1213
1425274543	1152	1327
1425274652	902	1039
1425274765	905	1078
1425274880	1095	1262
1425274990	1087	1251
1425275100	1114	1270
1425275210	1025	1169
1425275321	956	1106
1425275430	1116	1274
1425275541	1066	1243
1425275651	1157	1306
1425275761	1236	1412
1425275872	1317	1458
1425276095	1221	1382
1425276203	1502	1660
1425276312	1176	1356
1425276423	968	1156
1425276534	1072	1232
1425276643	1105	1249
1425276822	1573	1793
1425276881	1636	1773
1425276892	1065	1095
1425276927	1104	1145
1425277002	1087	1119
1425277187	1197	1339
1425277297	1042	1195
1425277406	909	1062
1425277518	1150	1308
1425277628	1233	1399
1425277737	1224	1391
1425277847	1124	1276
1425277957	953	1098
1425278067	1085	1231
1425278178	1244	1415
1425278615	1285	1452
1425278722	1112	1258
1425278832	1177	1380
1425278942	941	1086
1425279195	1318	1318
1425279351	1169	1169
1425279354	1211	1211
1425279389	1170	21954
1425279428	1014	1014
1425279433	1323	1323
1425279440	1164	1164
1425279599	1620	1620
1425279706	1489	1489
1425279814	1571	3934
1425279921	1544	1544
1425280029	1678	1678
1425280137	1543	1543
1425280245	1158	1158
1425280352	1566	1566
1425280460	1693	1693
1425280567	1761	1761
1425280783	992	1151
1425280894	959	1137
1425281004	1005	1151
1425281115	1605	1605
1425281387	1337	1337
1425281403	1322	1322
1425281439	1131	1131
1425281549	1183	1349
1425281658	1318	1474
1425281768	1019	1172
1425281875	1202	2298
1425281909	1110	1222
1425281968	1345	23419
1425282015	1189	3718
1425282076	1063	25568
1425282208	1042	1067
1425282319	1090	1251
1425282431	1131	1318
1425282540	1079	1237
1425282649	1083	1251
1425282761	1107	1276
1425282846	1224	1386
1425282853	906	5975
1425282897	963	1937
1425282899	1222	1623
1425282945	1047	9875
1425282980	1190	5853
1425283042	897	8429
1425283199	1096	1379
1425283308	1196	1420
1425283416	1130	1449
1425283525	1200	1343
1425283634	1016	1168
1425283745	1119	1347
1425283853	1167	1373
1425283962	1160	1317
1425284071	1052	1214
1425284182	1315	1475
1425284293	1230	1394
1425284402	1016	1181
1425284514	990	1135
1425284625	916	1083
1425284846	1433	1591
1425284955	1313	1493
1425285063	920	1072
1425285175	936	1147
1425285285	1097	1253
1425285394	1275	1442
1425285489	977	1104
1425285531	917	2304
1425285538	923	6443
1425285560	1038	1078
1425285610	1113	2148
1425285834	1322	1523
1425285942	1227	1388
1425286051	1193	1357
1425286275	992	1132
1425286387	1228	3607
1425286529	1175	3610
1425286547	1084	12256
1425286645	1324	2901
1425286717	1197	1336
1425286745	1707	3285
1425286936	1104	1280
1425287043	1115	1282
1425287152	1302	1491
1425287264	1226	1381
1425287374	969	1134
1425287485	1166	1313
1425287593	1206	1364
1425287703	1115	1283
1425287921	967	995
1425288031	1103	1277
1425288142	1197	1340
1425288250	1034	1278
1425288361	900	3542
1425288401	871	899
1425288458	1257	21068
1425288506	1205	1226
1425288578	891	891
1425288615	1171	1195
1425288801	1064	1234
1425288912	895	1064
1425289024	1183	1350
1425289132	1132	1325
1425289241	942	1102
1425289273	1203	14808
1425289463	1214	1369
1425289572	1143	1317
1425289861	918	1053
1425289866	913	3050
1425289927	922	2830
1425289963	983	22735
1425289981	994	1018
1425290129	1119	6723
1425290133	963	3014
1425290151	1105	2394
1425290174	971	3892
1425290449	834	964
1425290560	1297	2030
1425290668	1009	1195
1425290777	1383	1593
1425291105	1270	3641
1425291438	1559	1559
1425291545	1283	1444
1425291655	964	1112
1425291872	1093	1244
1425291980	1054	1275
1425292091	1112	1277
1425292200	1269	1426
1425292310	1446	1595
1425292419	1177	1353
1425292531	929	1095
1425292642	946	1122
1425292663	1159	1321
1425292701	1022	1054
1425292775	1100	1206
1425292781	1777	1945
1425292805	864	3720
1425292819	1388	6637
1425292832	1252	1273
1425293003	1081	5163
1425293084	1042	1062
1425293196	978	1131
1425293306	1198	1341
1425293416	1090	1255
1425293526	919	1072
1425293636	1294	1443
1425293747	1297	1488
1425293854	1101	1295
