1167895820 0
1167939920 0
1167950945 0
1167995045 1
1168028120 0
1168039145 0
1168072220 0
1168094269 0
1168105294 0
1168116319 0
1168138369 0
1168171444 0
1168204519 0
1168237594 0
1168259644 0
1168270669 0
1168303744 0
1168314768 1
1168325793 1
1168336818 0
1168347843 0
1168391943 0
1168436043 0
1168447068 0
1168469118 0
1168480142 1
1168491167 1
1168524243 0
1168535267 1
1168537645 23
1168670404 0
1168672556 111
1168680675 95
1168681736 0
1171484547 0
1171622255 0
1171694693 0
1173928352 0
1173998102 1
1174001685 0
1174023522 0
1174026935 0
1174052031 97
1174069104 0
1174074348 0
1174138647 0
1174151255 0
1174224103 660
1174312543 0
