1128641314 0
1128970729 0
1129165866 769
1129204898 0
1129208256 59
1129289554 101
1129291952 0
1129391851 89
1129501496 41
1129547415 0
1129750347 0
1129820548 0
1129895984 0
1129903364 1
1129922423 0
1129979315 645
1130058537 71
1130078153 150
1130157493 0
1130251386 104
1130443799 43
1130688045 0
1130695746 0
1131021283 0
1131030131 67
1131045342 245
1131048768 392
1131056664 0
1131060630 0
1131147667 1207
1131366708 130
1131407151 616
1131409491 0
1131475802 0
1131479753 0
1131483552 12
1131486134 19
1131491322 1730
1131679236 1116
1132066392 0
1132234540 1
1132236875 0
1132317453 0
1132320984 0
1132341239 0
1132583999 0
1132600349 1
1132609194 110
1132613259 795
1132617905 0
1132694793 1
1132712737 119
1132717787 1
1132720544 0
1132898813 0
1132912108 1
1132940674 0
1132969419 0
1133009409 0
1133199994 928
1133224426 0
1133287402 399
1133304729 1
1133314531 0
1133409395 312
1133494274 1
1133517066 1
1133555626 0
1133614509 0
1133650315 0
1133722855 0
1133873392 0
1133877026 1
1133926491 0
1133971812 0
1134022709 1
1134026120 0
1134060591 0
1134080841 14
1134093487 0
1134109147 1
1134116472 0
1134158825 406
1134357581 122
1134403826 1
1134451133 90
1134496420 1
1134573392 0
1134599398 246
1134630990 108
1134724839 0
1134773809 69
1134937886 0
1135182977 0
1135192677 0
1135619833 0
1135630212 0
1135957344 0
1136322606 40
