1128641317 0
1128970732 0
1129165869 768
1129204900 0
1129208260 58
1129289605 0
1129291954 0
1129391853 89
1129501497 0
1129547419 0
1129750350 0
1129820551 0
1129895987 1
1129903368 0
1129922423 0
1129979315 645
1130058537 71
1130078156 150
1130157494 0
1130251388 105
1130443800 31
1130688047 0
1130695748 0
1131021284 0
1131030132 69
1131045342 245
1131048768 392
1131056664 0
1131060630 0
1131147667 1207
1131366710 131
1131407151 616
1131409491 0
1131475802 0
1131479753 0
1131483553 12
1131486135 19
1131491322 672
1131493052 0
1131679236 0
1131680334 19
1132066397 0
1132234435 0
1132236802 0
1132317391 64
1132320909 0
1132341242 0
1132584000 0
1132600023 258
1132609308 0
1132613743 252
1132694794 0
1132712737 119
1132717787 1
1132720545 0
1132898818 0
1132912113 0
1132940678 0
1132969418 0
1133009413 0
1133199994 929
1133287402 399
1133304729 0
1133314536 0
1133409399 312
1133494279 1
1133517071 0
1133555557 73
1133650316 0
1133877028 0
1133926491 0
1133971816 0
1134022710 0
1134026120 0
1134080841 14
1134093484 4
1134109050 1
1134116476 0
1134158826 405
1134357663 41
1134403752 77
1134451136 0
1134496349 75
1134573397 0
1134599557 1
1134630993 108
1134724917 0
1134773838 42
1134937889 0
1135182977 0
1135192677 1
1135619837 0
1135630214 46
1135957392 0
1136322661 0
