905860
629688
649220
515152
717116
717148
523728
655832
612904
674844
674896
596104
758588
760356
513028
568444
537940
597348
600684
480560
589256
592540
404168
484352
468996
333160
478592
477676
516720
518584
396664
542468
542512
360224
523776
522320
501108
545852
456232
576020
581812
447264
526204
545296
431616
579764
592016
623716
621112
598932
701120
602236
608696
576280
591204
496916
632352
632484
470524
502572
469036
417272
489532
490476
544468
545548
427044
576768
588512
427128
517296
510520
402880
516076
461244
533152
407868
296700
509236
485848
397972
514076
536124
410708
538704
450884
576792
679000
511220
653648
611960
329444
504856
496780
450128
535468
491776
542060
540764
392628
550416
543320
462040
491308
490628
526888
523524
500560
541688
541580
401448
538368
538756
388348
541568
539276
506172
541704
471732
483056
383060
306820
455056
432844
350272
411668
440716
457820
384216
270624
442568
440960
348820
380920
442968
395040
436348
358016
361776
509680
506792
530744
539720
412384
542836
466892
385108
468808
470072
446192
559328
537404
391964
468460
416640
540092
505340
437780
527332
549156
415696
480336
421244
388160
448832
435712
543804
477948
407592
465972
493492
437112
433732
438632
389208
462616
440496
328564
435620
403244
499432
457256
407172
559756
450804
404684
510272
484020
365308
458752
471092
318068
400832
417532
548876
556168
515876
541688
538120
521380
700848
794116
472776
611660
696528
276408
528032
568304
437136
467760
515868
532456
551820
514200
552996
555232
464724
552456
554484
352308
550308
556088
388112
536268
548912
523744
558136
474888
521500
522932
366304
474620
474672
305204
479112
552560
374776
540184
519676
466416
460340
495216
876720
565868
397816
530268
490476
385940
461368
487068
440932
479136
420036
466908
431872
398156
469108
467072
362068
445996
452940
249492
373676
377596
394252
396416
433752
539388
535320
373988
488452
491012
306204
476724
455456
482244
496640
357088
477536
468356
293868
487812
487760
334032
488016
444768
511800
490280
447700
620808
621088
333844
471884
450736
441940
449372
327448
455464
455536
284016
431204
431252
270580
438240
397220
439364
429528
324568
409256
421400
298664
435204
435416
252672
415160
401580
443692
446204
348120
445200
445268
275080
440844
440944
274044
398188
399768
316836
408972
360376
430256
333412
295424
387180
419960
270088
465676
459232
340860
489764
495300
317800
475508
467236
418024
486604
441276
406976
401980
365900
490656
433376
329876
389916
462104
387228
534796
657960
352988
501788
471708
429996
425148
322472
450700
454316
261436
410200
409128
364280
422844
371640
473780
462792
391916
479564
478176
332752
489644
490256
431840
494776
447512
482176
433696
353972
474844
497664
345928
466012
466140
310128
465492
442592
445180
452324
359844
493172
493360
320188
446352
446700
276984
433704
433816
349676
442412
403604
432024
400904
378300
397128
421792
304776
481860
481896
303588
463684
419092
484948
471788
348548
445628
445780
276748
456324
456384
285236
452360
440012
427892
481944
444268
511180
502112
344232
531448
533072
384528
540296
532032
380620
509064
509080
327764
481344
444288
459968
376824
329512
433200
421288
333164
513580
484820
332312
516552
520032
346220
517560
513104
467068
482760
471420
460092
409224
388436
426232
425468
318316
426160
403336
308040
315016
317824
278192
371544
322004
378796
381048
282524
388176
388136
230172
395760
396276
231896
391528
391432
226700
398368
356864
398464
409724
339940
416452
411804
241908
408176
408232
233412
413564
407756
345228
431288
353344
447852
395832
377744
310916
349548
264912
1018616
897516
462980
556936
563124
334096
507884
517732
453040
511516
511504
521528
524636
370120
572844
563616
382024
516400
522152
346000
505436
470580
487324
455176
424168
481096
476440
408956
448096
455172
347052
470284
470444
304080
436804
438424
285348
353232
358516
415424
397276
368984
453056
381604
362724
468940
468984
327904
491900
481616
443232
493372
440436
490808
477176
341684
487004
490176
332716
485544
485180
338504
525236
489296
514612
530388
435856
500588
489416
326268
490600
491020
299080
483524
483576
313056
476616
465988
431408
475044
422844
487996
470568
309904
482320
482420
304920
476604
467648
295952
470132
430608
472176
474184
361080
466408
465200
293932
407200
399600
281316
455824
455872
278372
453804
446904
384100
435704
373448
467384
464956
302688
466356
466424
300896
473008
473164
323912
477928
438452
479020
480912
386596
484152
484636
370712
478520
329328
318100
464736
449188
385748
542360
509400
539220
547452
469940
536380
534888
358148
513608
513656
320484
503072
504180
508568
519016
344764
455036
377396
384340
433452
409472
307768
458268
469944
460260
532316
494312
521392
516448
413948
495712
496068
334424
497848
497900
316416
489220
489260
312932
490552
486804
420116
473332
423532
480744
471508
330828
472620
473080
295324
467020
472104
292144
462812
427712
436312
483152
445940
517400
511568
408028
469896
471356
323664
482348
473432
332072
444516
405348
456520
446788
326000
453420
534608
382584
562056
586300
454648
505872
601604
528380
501484
379832
567760
453748
406968
640624
644800
432108
648240
640180
499560
617744
612172
580576
579356
411864
639796
603012
434252
608428
617940
460904
618756
541544
587360
573212
463352
603828
580028
378184
580652
577668
328756
511760
511700
525308
576684
492300
559428
559512
395012
555104
552688
423892
586108
557076
650600
665928
564068
632172
656468
504784
665156
529968
463432
707060
707464
454288
620136
566884
632608
622844
477132
629200
629248
467904
525324
560460
355672
482196
470084
376496
500520
458000
564008
552356
392028
548488
541012
397376
596464
595208
530316
583128
532480
562608
552996
406832
520060
472848
326776
454880
442644
436048
415704
461276
475456
493692
389108
540956
533364
357340
545624
529788
475256
514020
448140
569276
562420
405804
511796
516476
340176
530588
530620
310604
474520
446948
461668
470328
304664
473716
473720
308084
462504
464024
296732
461228
422100
459744
469616
340316
468312
468720
300784
465408
458152
317752
475564
473784
381284
473940
434924
467684
468840
329900
467300
467424
304796
468532
468576
284468
469860
468228
396876
448908
325876
473760
427592
319548
414328
416780
252072
534908
534216
375228
512476
481628
519968
512724
464516
499584
627556
526124
508132
487356
385924
479336
476840
351328
454784
451884
380656
448480
408576
500768
395756
391956
469420
446068
318608
493360
500576
317852
508340
494324
391724
504368
422860
463064
432872
411528
510812
500040
337812
490208
490256
333384
489884
489948
439976
441948
447284
510396
378328
344744
495712
493756
345976
492112
492172
312468
480096
480204
435592
486724
443228
474744
463620
306104
414300
455420
293596
500500
515752
384628
518348
480888
505216
506320
364860
520336
520380
355200
519092
525260
361944
529288
498568
510856
520996
385896
460036
447744
354896
503640
503668
332868
442176
450704
464140
548004
491376
572004
570028
455500
540844
468896
399608
488116
489980
247596
413004
388688
362656
396288
355360
458112
454824
361616
456340
437084
449376
519804
525612
351536
527316
520352
393888
463520
402200
481516
446972
301444
448796
457668
330996
471248
438132
311352
435908
360928
444120
390552
309708
466892
466996
383644
634304
635916
551616
563680
456196
574652
553368
432560
545680
546104
364592
527336
482160
525052
528556
378560
520096
520124
327224
525248
525480
467472
520092
474476
512968
494092
346160
500808
500844
329108
506284
438148
415488
785784
490212
315180
492992
450804
499808
442400
350520
481352
432520
328576
475788
477360
345800
491924
450676
482820
495052
360464
463428
464652
320628
715316
727140
310360
468324
473548
