48000
216552
166764
56992
123060
124336
56160
149948
48160
196464
190540
47844
142432
148124
154488
253460
63616
240744
269236
44168
289308
159008
53968
390928
245376
54188
126572
100696
375472
369716
47356
372912
374576
48028
364588
364804
185700
348128
46628
344212
294312
48540
67212
115748
50052
184576
47988
103892
89640
31372
366672
65456
49964
105248
150312
49716
190712
190020
60012
116472
67300
54368
141436
98140
353940
344008
46208
430960
327068
45356
354796
325788
162068
440056
123240
403988
192412
45832
369484
131152
54148
137796
214792
25088
50668
48736
156180
211280
91924
97308
47784
47212
326508
316544
132436
357796
91228
385144
354952
50172
338480
318000
132336
98132
72472
271168
174804
57020
338504
349328
59528
379252
368496
63884
374272
370036
269624
381788
72476
292440
51852
60440
346128
128912
52108
81244
172804
202672
48356
83136
229684
210232
44032
149056
188868
65796
66416
78608
101212
97964
77592
326096
402068
34516
395980
194652
48792
71132
96932
60828
117608
68456
46612
47848
48368
248684
126200
46280
191568
203360
67500
253444
65024
46020
205300
56096
346228
194916
49856
167048
242520
105412
116780
89948
74016
279908
193316
47688
94080
84372
353204
207548
75516
446416
107916
51348
217776
174980
53368
170928
175948
59564
114852
95420
359572
363540
168076
310388
294256
49000
249024
112636
122120
256020
86276
93928
181188
118208
103988
64388
60504
270692
329540
60084
347260
360192
52000
344532
326500
48396
247200
254360
49628
136800
96476
210252
97332
63572
384204
372372
48184
454152
455696
47120
428220
303324
45796
398344
343360
397712
381832
48092
48568
168748
47136
213640
121792
26596
84732
142424
195860
258552
75756
253604
116280
150108
296196
148776
61260
140372
126384
56392
222976
243356
247364
134632
47572
440500
414456
68648
386432
380208
46012
420596
341508
360956
401504
67460
446796
436488
46764
399020
406528
78224
412756
262104
411312
397256
71376
331712
325196
47360
445872
382548
403212
461316
50576
445592
453688
34516
461112
463816
47172
437340
335456
411332
419356
105240
294648
205244
42592
447504
438640
72236
461124
408864
393800
442808
66080
445488
451040
48020
448572
451200
56424
485700
486040
155252
461476
284072
421732
98836
68444
185972
185364
68588
420948
384268
47372
412264
408064
49176
303544
269988
270336
391980
306476
169584
124600
47596
334600
141036
48440
52288
100884
45812
251064
47928
48836
384400
261472
323212
300124
42980
421816
382312
63612
445688
436288
246040
426264
148012
432160
396212
43732
333604
314660
66980
370776
345944
227720
354668
139664
373020
163988
44808
106284
108156
52352
424640
430284
50844
429344
351768
408480
452860
42880
462592
427224
47372
433064
431804
46620
433420
436400
161244
446104
233296
350596
216588
57268
182072
208960
47552
429756
428104
80944
459440
221944
408732
414384
47272
432216
426552
48064
414920
420092
76124
454596
408572
318108
306432
192032
406844
357312
46616
374156
341916
47124
351272
299816
86148
414184
413860
96824
446872
292696
390128
205108
54260
248024
225500
79712
398932
312968
59868
416492
414304
44148
415036
379432
258052
273172
132904
346964
88812
58080
187124
170996
59248
244032
181200
63260
347636
343332
187364
505672
325424
450360
493328
77288
508148
517260
55320
488328
487960
60364
492272
499504
46760
522656
407048
399692
462860
145148
501224
492416
57964
465452
467076
48204
487664
433124
135120
352084
46184
415548
153104
46684
172964
139152
68468
47880
76340
54208
370908
293228
47132
107144
106028
147620
144688
123604
366196
390268
44424
336500
298552
54072
356648
345512
60816
410252
319436
378292
159300
50200
280120
163808
50860
429336
384044
51524
420824
426836
62264
443008
432496
58548
164780
95216
280652
161688
48308
254164
80488
93572
326456
329372
46992
422864
397064
254552
424604
99992
403636
366344
16232
367596
327416
48576
360628
329588
68812
360840
219980
359836
372400
60820
408892
397288
46356
430276
431132
61092
430792
433040
79696
429364
400744
294240
417720
207784
436280
406588
55036
420764
427908
64712
426820
396216
45740
432360
255380
401924
430320
48964
440488
448564
51608
244820
127812
69052
447496
451948
50768
442924
426360
260856
459364
206460
449808
445568
49932
440948
440280
48512
426624
412972
71384
415328
217580
395740
430256
54328
107696
78788
55216
289052
49560
49484
85984
72964
52864
310040
214728
325576
325840
36284
360708
345424
61880
406640
408600
47052
399732
386024
367240
408148
56260
183420
62496
133632
227428
125640
47804
135072
64832
190108
358836
223468
345612
322484
49852
376004
376640
50132
422536
428076
62332
426764
428460
46704
423780
368500
266772
435768
192156
425704
425524
49888
423904
421224
64272
412832
410284
36364
435636
335200
184032
86820
48328
312152
295084
54868
359936
333324
47340
384404
356628
176608
447116
212952
406588
425988
45964
414264
228188
50788
347656
283868
48180
100888
72496
296172
62896
37580
418728
69252
55896
303744
155424
48612
373240
315876
99452
332932
190588
399216
271052
43868
399584
328648
90960
377708
303116
75936
358540
53040
442644
420756
40532
420364
345332
53692
424028
393436
55880
445820
370396
434264
385364
36216
343816
351712
59244
338196
313056
48872
285548
153984
343856
395660
49528
411696
421408
85192
376428
74948
45860
376996
355328
56912
325716
44452
331192
329760
68232
326316
331188
47928
48904
243768
69680
155492
144224
67448
222484
57160
392808
393084
57760
245324
117840
46872
349384
344068
199044
373008
52452
400472
399964
39632
150120
46844
54520
107420
93864
278580
122640
84564
296520
99296
65488
346744
320252
26688
366048
293384
226400
318236
24708
373744
333068
49860
344132
297828
60448
428288
427248
47624
420592
348248
385896
448332
46276
423000
420000
54812
405328
370820
81276
456156
304380
406512
457252
71892
421272
427256
58872
444228
407904
64444
382352
375660
167948
451836
307068
398304
439004
73864
427124
437904
47352
430000
437052
46672
458980
460476
277728
451000
51892
384840
249640
54376
87172
200368
62084
237884
240048
76236
299032
215920
423740
380860
47344
245084
74216
50932
318392
203560
51676
216884
115640
48628
52584
91420
88104
296964
54164
400956
129908
48648
284116
123600
48764
357016
315332
49484
442548
379412
137104
397496
161524
315128
220844
56432
451780
424240
60432
429636
435832
59956
430436
426760
259908
151936
120116
432540
48020
76984
367660
355960
51376
434516
434044
48288
421556
430640
256532
431648
185180
429896
428904
46124
142628
217836
51960
121092
167096
42492
72560
40004
358628
397344
46224
407996
414236
48316
421332
408536
49572
404884
326244
369144
416744
61688
145036
124068
72816
374896
377208
80908
120332
90132
326896
329896
41672
412208
368588
47900
399728
232708
92884
266272
256384
47004
208728
59420
112116
99020
47036
212340
235732
63064
335132
106876
48496
49408
60248
61092
126672
82204
218272
417960
112520
407624
345464
51412
147976
170104
60592
151048
79128
51564
172696
101844
278972
59900
53116
379780
393288
48460
285060
157264
289916
318320
45228
337180
237364
75672
333228
331656
64588
360812
197360
351972
360248
50828
374496
379520
48868
386860
392804
218244
397372
146976
429100
411500
24924
421232
423764
61384
337096
93548
45192
46788
73500
24816
200468
110304
274640
88608
53292
452444
132116
48488
185968
171304
37296
425360
329440
353120
406740
42560
449552
444020
67104
48608
53528
61056
132120
72772
