271609
223938
201483
486633
225131
224978
365269
216476
358374
165935
193836
213829
201167
212494
383637
192362
179422
211256
182552
330874
184081
170581
299885
113067
168452
350485
191531
118538
173208
177769
267756
173830
171831
479100
166849
166687
396278
167302
301282
154427
186978
260691
99297
88824
207614
144244
184151
151749
262847
179678
129370
180038
170215
118783
146326
265910
55356
110342
411392
143142
384108
402336
263455
222112
213957
118872
415759
109364
119822
458788
174449
192730
447224
125083
231486
130374
214629
180184
116237
221122
337829
184637
86124
450868
175203
222831
180324
84014
293368
97681
205520
355121
163121
195509
403124
166874
169789
170557
163387
478994
165183
194051
315002
227233
235211
196925
244228
208064
132909
161857
385057
162425
169552
475651
154659
153739
398149
156772
307238
113293
461550
375787
112159
269240
337418
242736
195084
328299
352075
278657
233120
260006
262843
262454
244955
371659
330440
242248
366370
203941
259776
181675
137569
322554
150636
148687
516982
396341
236018
380251
260893
212618
474609
267532
255755
127262
185462
314192
98940
153173
394889
221424
289457
303953
341720
297265
176148
253903
547613
150470
120395
258699
261510
254033
307135
295286
237161
492510
288047
390453
237667
301862
353616
121138
298659
270068
132681
300598
469461
302832
208464
322417
274116
139456
296073
73346
189161
121533
148736
160077
58208
61244
324753
182355
216269
444898
82044
336281
339852
348252
214970
224203
88778
178337
109225
89683
356320
152828
151617
452339
108943
113700
436096
189893
140151
301480
195924
215968
139128
141597
402537
147817
147139
558473
144625
156855
507806
151761
151598
193174
198992
327409
148045
162665
355762
149384
236505
419576
308838
301480
275235
123346
206755
110959
133494
314207
69271
153056
503888
230989
260534
408844
201614
213146
488591
282901
287944
105729
141250
485305
153306
162318
504773
168684
176101
204428
167242
347055
165419
186009
514564
161823
176316
507534
159966
161004
181576
184184
366988
158785
166052
481042
166589
174749
208095
168227
399106
166568
163894
406453
168147
167531
519638
171183
174309
229517
168112
319608
156452
204010
322044
163420
171468
519344
167985
154363
318124
153213
251119
146070
153794
438018
153127
160745
439770
156569
156445
468473
158639
154915
142425
292356
499254
194075
242523
380884
77167
169330
479257
137058
85794
491680
193203
146182
428042
91682
114727
295134
202918
177739
151942
194765
321201
266679
358765
317033
229602
315680
470481
163524
147064
325924
212372
305478
204001
213253
522849
196374
201632
501880
206345
250242
169960
122314
252470
118902
147106
463028
172982
157180
447426
119315
196589
190450
232902
224238
204449
157034
429496
149228
148004
492372
165519
174638
201004
165092
270134
108304
114573
364578
169107
168037
464464
182548
182384
470181
165126
161677
187791
272779
421961
158913
167474
535320
157720
157534
480119
155616
151822
190817
150802
267908
184441
183523
499720
156733
161643
497102
145518
154005
286290
88076
185699
167654
107554
316952
98890
122660
419172
78214
73839
482998
154440
154232
518432
154468
163235
206397
271419
215426
186292
166974
393688
77119
134474
518412
91540
103784
415119
71604
81982
461996
155518
207090
114619
264642
222085
142643
195827
310451
102138
197403
466263
181288
228206
504070
150786
147600
142453
153686
264910
129831
148605
431024
149324
145874
583842
139673
138683
517861
146160
149221
210205
161252
205397
148209
138096
529903
149056
147880
532904
138122
146175
422494
154333
222741
138732
217760
241303
273935
357831
438922
94466
146986
393451
106323
178107
455865
176498
170012
391893
206852
163346
139315
152496
313228
103853
114467
445736
128084
100050
479670
164224
165009
201087
142293
284240
207982
189051
225474
158738
159396
333410
170602
168788
553993
162531
172185
492038
297471
272252
338816
304315
341229
183636
313729
399209
96986
96986
476717
157052
188523
450512
153826
187424
194493
187696
399678
140704
160966
469133
113868
141314
484647
79363
140503
265375
114076
193236
163808
177682
422987
149327
148163
482855
157200
156326
474104
149874
149733
434969
163929
151640
185893
181414
434192
154055
152310
556882
152566
180145
503460
154561
156693
162060
151318
232788
167071
153997
437652
142917
272338
529026
153776
153105
541767
152112
152114
447502
151835
206252
192783
142356
407433
143364
142457
547367
149921
153848
488411
157221
153518
131468
141608
279716
180268
242859
404258
196415
400300
370329
253210
364887
511868
104317
166402
253015
110689
250610
167723
159605
407285
164048
161962
484824
164664
173972
301802
163651
378074
155500
401498
194991
308432
267580
431899
255324
252562
501337
116390
143489
165751
119141
271356
178466
177958
427666
163400
161996
548403
147979
147261
487919
146992
174669
469910
160597
189169
201265
164211
332848
162521
174280
584126
168718
167656
467743
157824
161630
301481
229637
290211
182791
233899
349624
159885
183434
477517
179715
177030
486832
111406
178369
183135
180522
275838
174688
171283
195677
96952
126355
389903
83620
144881
397976
204644
140163
163898
224158
273776
124649
204724
541651
135707
112285
377904
133397
135231
235515
160204
253815
79044
74586
275184
108691
157477
416495
83199
202982
239117
99458
191149
89545
186707
474193
85361
94369
375818
80248
107604
199696
134163
222649
168088
165842
484314
159383
160148
439877
93006
114280
170916
66199
128049
111123
78404
160658
68552
52068
157674
106519
101892
420890
145367
195214
174602
144845
304552
152410
143285
418979
365189
73529
463499
330541
231558
342829
85809
275050
142478
149015
316028
145007
182055
448183
146789
145967
388836
142000
170095
176470
147063
207292
179159
293488
321315
230458
298436
404697
281152
308006
169849
307736
478206
88553
173261
515810
113820
124632
424151
173464
245006
137310
113664
298661
137677
213167
510293
115072
115240
471612
177196
176044
204691
169564
330636
176959
179297
574839
172421
151321
500749
162649
158614
219895
173648
327586
174588
172737
510857
176449
167015
340673
188762
188480
481200
152667
150050
142959
158550
329837
157634
155476
412996
161603
160606
528521
152945
155201
479768
163300
352394
107052
313883
344064
330053
217531
485275
100555
163063
538270
150069
180257
196850
124235
261950
123459
235980
255764
96278
159688
312674
137197
184415
496680
69891
344487
493930
132015
386768
262748
122930
299407
250553
209667
350842
163861
147062
464250
103758
180319
480059
99465
176460
204243
246809
263964
184052
151547
452479
162503
160501
508006
158016
160945
462338
230260
142817
132273
389510
259340
198837
211030
493146
169516
168818
480374
169173
169582
476167
172831
163278
199599
170363
505436
150493
133627
439859
193743
325902
446715
302380
410707
214410
168117
335230
166365
166172
497698
164095
167068
454075
165217
164217
203528
163560
331445
184832
82702
406032
171190
170312
481541
124233
281699
362353
113832
188117
153018
101067
263444
108450
238685
241503
255320
177014
343751
153689
302684
412483
359260
228040
203892
221966
435905
88516
234010
442815
262821
264417
450853
174512
269291
480610
165729
185371
216435
173678
354088
173393
217861
507256
228998
245769
473873
220406
342893
205783
358002
366066
195485
191158
386739
182175
165316
261470
160356
283580
114959
162439
409345
106611
127101
522543
172042
164706
184746
169583
353430
168743
168096
471141
149907
152485
437995
146681
141103
180075
170165
334349
148030
146666
482147
76159
189901
296033
215989
249822
353409
163438
258494
173338
191015
282120
69566
237511
444578
130929
219809
472459
154671
151181
192009
148461
322309
149298
148512
557332
186386
258693
490398
254400
252641
