191476
381309
413716
381885
418253
414682
518945
435114
270987
410563
429507
386230
333038
327605
293124
537021
528054
118816
374246
214273
435754
425786
616298
479170
525532
550685
512589
516974
261886
334886
462237
329381
330029
426169
437237
430194
241990
429660
424894
417079
499451
239813
599476
445943
421007
330083
430683
214355
631165
561142
218074
416519
279797
576972
452728
518575
375241
442966
413141
358429
450216
445997
430614
479999
310843
486987
368676
392098
428688
443853
370634
404045
216403
382110
443489
260389
436254
388367
519273
442525
662258
390642
467926
341879
454947
478195
381381
87951
455971
507179
428907
563737
486198
480564
384629
457168
547454
404810
455320
454647
472374
466799
386583
515003
436421
297713
465593
477030
407558
436391
338432
439289
438172
451933
437570
442559
228058
436542
435797
406880
436218
460273
471503
452539
400126
476196
471460
216951
424949
631963
385644
474841
331962
469252
299638
359088
413961
541052
330433
470836
481193
287341
426444
374977
429093
513779
390876
553088
440333
372375
430893
472046
425417
286278
450688
342339
489422
405648
440235
352809
440527
301549
492324
465611
198870
512751
406239
451782
416728
422069
449270
353711
536425
575230
385712
353913
437696
407808
423972
411633
210673
530566
356604
354957
470721
371929
484156
220898
440952
422878
383777
507749
398739
434508
128360
347851
468304
350612
470922
354739
400351
425031
501164
416002
361377
502272
601255
288190
476397
463054
404946
314546
522879
479019
422072
480468
415775
485012
483401
513655
464789
513967
330834
521823
520497
356253
517959
450569
426326
466507
414263
464609
463940
496591
468284
444033
514406
471521
526212
338774
525203
506557
465726
456702
483684
498315
482542
373843
506417
399999
282908
453535
403907
371348
509215
378620
429778
457787
465750
505165
474927
547948
554376
539557
230083
487818
470899
365250
473200
484206
473412
474630
450671
462792
532805
321692
465815
461489
458705
459478
508585
460241
460923
532281
457576
537073
426382
453407
419284
455802
455873
487625
461366
509020
318110
463216
542822
463116
463204
524407
469359
466419
396950
462880
495012
291041
495291
361712
463106
501631
500490
487042
481987
485152
462094
523624
225050
460299
442149
427864
465450
408927
468297
467260
496758
472951
474432
367894
469967
623931
286503
544413
469329
501353
437789
509993
385485
476282
442946
471977
396973
505593
464905
488058
232435
555509
510677
266636
505927
498717
387564
485608
464041
515025
368728
542505
518004
424066
500903
393300
475035
302327
428121
428445
454255
451694
560458
473128
475472
230831
468314
623617
390783
481081
536797
475941
529230
465201
510658
456321
253367
492405
576694
393109
479521
485080
441627
391839
537515
498075
492330
466822
467691
532936
325612
462331
480252
469013
487384
524737
473787
470361
440315
461779
460486
386752
466747
576239
531735
458947
541602
460250
523298
499424
469000
469215
504844
456570
630335
425900
462915
330375
454684
459840
422345
463654
458812
506457
458443
476173
287390
443718
525683
399710
555207
372801
533046
487682
564372
483791
500835
431021
459602
458990
524220
458116
567209
295715
487783
538991
487783
536096
462078
453528
472138
503906
428373
432650
469669
420119
456431
243348
534440
533241
358610
622258
522630
489244
514113
560120
480163
489643
408618
518900
519112
346110
464181
616908
363306
463018
607387
424684
461184
543273
457652
459517
490992
470892
468895
570707
458783
548488
296961
466135
555459
413485
454973
571206
465730
467162
437697
459768
526194
304119
428378
633537
457085
578475
492996
561586
605768
546764
386497
305656
430799
450032
458527
535088
508503
570348
220528
453107
481065
284336
456748
367254
518178
487394
551902
428916
476199
498980
453262
508400
303599
544676
452209
459101
527568
418289
479668
534105
544945
463779
467874
469096
475109
472762
456776
560992
516120
153794
502844
562099
310455
482860
289943
448306
446255
425379
452868
452295
227983
455817
542901
376861
516580
443188
374437
467673
396490
494035
504997
470931
482357
565474
294875
462267
434872
414191
458412
407821
454873
457307
442019
458134
457985
446007
458088
487079
221286
462404
594020
425133
462924
474385
451283
452982
453854
454595
457733
492555
452914
563558
320806
458564
408022
420464
458141
401321
529987
503216
499148
472134
470737
479024
460082
460687
230924
449230
544166
386218
458277
447161
451769
452701
486937
462999
460914
569219
462378
635315
460994
451115
331268
512581
486598
484884
482037
377804
454783
613121
507211
363466
386697
509596
291968
485603
493051
421134
476706
411024
461758
462731
450711
459312
472244
235763
462656
481376
565311
560208
590965
329635
492155
452017
389055
494421
226766
466291
534538
424462
491087
515322
463204
462892
411213
456834
458592
473441
455402
456164
505766
456934
486094
237782
466937
548307
414296
458232
429320
459722
459612
452958
459533
458773
454920
468406
540059
371820
529678
466316
479365
468914
453757
462331
425073
466894
442333
454576
352232
457937
565125
347419
466353
360193
468007
561190
448336
521396
485002
495584
442909
533355
226509
539957
581408
351482
503973
439843
469871
526408
463677
436443
461105
394176
543522
563246
414995
526624
401727
458441
461481
408020
365058
481594
561610
501118
489560
299871
464749
514284
442519
436335
553512
425713
473789
550738
532929
529813
232378
380338
341999
451904
455154
470894
453986
431059
336973
494032
467359
284778
456983
475044
334063
401271
418855
451902
441365
534949
278439
294384
438283
438788
528982
398509
439819
385142
439846
448090
359270
487044
376769
380720
425936
414091
451327
436085
606509
299323
468507
319918
463226
519528
460340
458683
463096
288350
450223
541722
428149
461823
423308
474543
433402
515411
542223
450941
186625
536165
323199
457290
515969
534120
484756
463476
447183
448700
490627
299974
489520
522413
333456
430227
257867
430019
417164
590096
474441
474373
456072
455936
485040
303810
448734
296895
456452
456050
535035
456696
463311
528322
479923
584368
279885
451862
497118
461511
458672
513878
454251
465769
471288
437874
437354
393011
461097
534774
353942
446047
432356
456738
459938
412945
450681
450914
532897
446225
449980
212901
452058
481625
434444
247529
377733
557795
318180
418529
439615
497509
404189
457286
489293
243960
429272
525853
465186
393319
509612
442297
561175
439778
488441
511884
404804
401557
475849
394491
373305
443451
146823
434591
453868
420364
481783
545850
439958
433739
578847
492589
431448
351966
437328
567178
245856
468666
517270
435665
475302
428131
444883
446045
447937
452330
451217
216531
518233
533893
356419
542010
466566
454603
464196
412883
459642
457698
506485
457905
453345
234107
457248
555147
431032
464068
518638
554350
456982
464870
453994
263298
431311
438553
501202
288584
460166
401931
455854
454223
488821
456279
454490
396285
453843
484794
290782
452960
429001
502489
502156
447715
469120
466693
482789
568819
597951
104894
555533
546571
374639
426317
583221
448510
480908
482501
397072
519359
573515
422907
500509
287828
441495
406112
282637
530621
448537
471691
525767
416839
434943
318072
481979
495601
483666
371592
556769
625074
424937
535331
439045
489184
510952
435641
560382
520030
430508
465109
511787
356982
453892
569461
436090
476296
484030
339750
368979
264279
471254
355827
430473
554446
525536
489132
484814
416116
462341
558673
335435
464088
352181
469163
469735
525939
453351
445905
259178
461147
580493
422567
457670
355569
452728
457363
516965
564708
437082
398040
345529
425726
504542
485436
323236
135670
370739
472185
475363
476379
536044
477513
489149
499674
464980
524178
295906
451296
453905
460450
464476
435925
400068
393952
520809
515014
594149
