1225469
1070178
1017467
1058777
1065307
1066462
945157
1022256
1019438
1037243
1059272
857777
1102187
1120974
1051153
1014266
780978
1049348
1052472
855602
1062645
922129
758021
988347
882824
737833
796695
696910
1065400
1066069
711776
1089210
1088919
887352
1055213
1053811
1083086
1061282
804142
1074659
1063102
756495
692713
749868
689282
908584
824155
879357
973599
809982
1197162
847730
828875
800311
887842
812542
878420
932846
941928
762186
920444
873976
894423
810728
1112365
1008428
889011
1117092
1035402
931272
1046541
1029038
1012172
1081215
815970
1067514
814909
522716
994957
838122
789949
836509
837040
886664
764575
722451
913296
974294
896512
848637
865264
731777
994485
1008833
985688
1060138
752793
1097761
1059103
921794
1054079
1055371
909378
816673
798311
994981
942556
765644
1013101
1052765
846033
1080045
1076804
927883
1070499
1063051
1173945
1080264
851446
888789
896462
743047
913343
830996
739798
735648
808604
988791
784647
632417
905372
911198
655695
792430
876791
832495
833204
678872
829358
811585
844160
1038515
1079357
769454
1089452
810231
950882
936281
803022
887271
937829
818478
913185
783840
720763
916038
817002
798252
817840
905689
878085
955204
775725
738133
995852
789073
1066180
926767
1005061
783490
856407
801223
812022
782613
770359
1037810
870973
868762
817747
878069
1090303
966666
836304
1127310
857379
726100
860729
959598
888137
932512
855504
700049
789800
652408
1204521
993054
873113
973609
981112
730457
1008080
967996
919649
1050035
999073
815234
791264
1022793
880976
880400
791342
1027351
970138
752621
1009481
1005107
873044
1049816
1032601
853043
906451
924148
873836
862961
785539
1035476
851392
754428
1044832
1036901
817025
1076589
1077507
910797
1051957
1012739
928378
1090289
1014634
1057302
1041164
870717
1073333
897281
800714
893292
848773
832112
854938
930972
912027
861034
702547
831471
681646
862471
834575
768904
927216
817357
839858
714728
798266
834098
1130207
813949
769268
1085617
1091026
927941
1028190
1033538
856989
1066004
973065
1047628
1065386
771603
1089751
1090853
855196
1048655
1070604
919790
1060738
867876
1104688
1071720
886064
1111305
1112336
862246
1084345
1008033
1053247
1078915
777130
1067624
1073118
724985
1060463
1062599
837390
1046763
906985
1080213
1016996
749416
860356
830654
663300
1046128
1045524
844252
1044269
964807
1155616
1042225
665319
1036758
1050102
761118
1042543
1052889
770238
1040457
1042253
940561
1029087
799363
994413
724604
863122
767227
847847
719560
963791
1012830
867489
1039086
989158
858656
972255
883406
1116402
970266
862479
871694
729498
591235
977198
769177
699517
708883
921753
750073
1015462
1021568
872305
1049712
880244
1079132
937644
670930
1076517
1049881
847897
1052262
1047048
1112200
1055453
769894
1075900
981318
688118
932070
939942
862760
1033402
993380
1106986
968759
783765
1045646
830586
623018
785577
762854
827776
1039880
1044428
853344
1060355
968998
1054664
1070276
672858
1064068
1035157
732138
1048523
1046541
788068
1049672
1052600
981101
1053642
798577
970411
890271
857529
738113
798226
887648
1069336
1067534
864651
1078740
792858
1084497
1036974
663728
1062285
1055855
824532
1027977
1038119
858462
1052474
1002589
1032290
876452
821999
1085678
966978
707800
1004494
997648
850824
969782
905687
949766
1077688
1077172
943020
1082684
900219
1056493
853351
599198
867516
813762
806564
989631
932262
910592
1024584
1038120
805487
1004200
974518
1187116
911450
811414
921675
762678
668601
755999
792291
688015
772330
781939
837563
843940
889362
969626
1028002
795028
971609
1028062
624722
1026155
1054001
716516
1033412
1030110
876102
1023473
1029619
791321
1067184
913133
1008361
1033836
690485
1065885
1042316
829775
1022684
1023188
814520
1039350
987055
902842
937705
622269
1002132
766696
665731
757815
846531
772302
1160962
1120842
910639
1034167
1034459
837093
791526
793772
992553
863056
798454
1027039
1067400
727772
1013197
976635
881832
1001132
967714
886486
1079912
955025
1066703
756769
758608
969198
829299
685290
1036170
998612
731986
1061710
1066068
920337
1042343
1043105
835934
815483
725984
1034892
863279
758521
890856
775821
855505
892382
895342
851613
1071816
1067203
1148296
1071802
727852
1088937
1031216
757594
995304
978558
850425
960040
956082
891963
965439
849779
1139823
1016864
689912
1073288
1064386
795611
1070203
1070315
843027
1071516
1072942
866856
1055854
1016465
1160617
1056693
782268
1110169
1058570
799132
1057139
1062638
926514
1055990
1044009
845152
1057053
842681
1036160
1055822
642832
1073967
1067761
783192
794937
799750
879394
1057096
1060925
870907
1048840
1025378
1092458
1046903
786160
1109975
1052880
760053
1050668
1049161
896775
1049553
1039984
883707
1050477
809550
1006228
1052776
720640
772116
806283
830186
963987
779188
737913
803930
887039
950480
956717
890530
1117811
983981
756834
1064811
1039917
827313
1084296
1084218
852360
1067468
1064176
1177610
1090815
779098
793956
841390
712963
969312
802692
787471
848664
787338
1151705
1007542
861269
1032755
958073
735156
1050182
1050666
812222
1083784
1087972
927151
1063963
1064981
847555
1061324
1029973
1156798
1069697
804857
1107713
1061243
713564
1059045
1068584
943722
1048570
1050044
796251
1056272
924542
921825
799609
784479
1012343
1040551
812520
989717
988114
848521
1046467
1007090
995512
1003038
796669
1046243
1053298
647802
1042372
934079
629049
1006664
996523
892731
690380
818981
1222528
769024
557575
1150386
747158
736640
1069017
1004948
1022371
1157187
1068341
976916
1084073
937991
1215307
1010612
709547
1118424
1006246
800396
1094827
1078533
953335
1060495
797566
1269121
1093426
695033
1113737
1112067
906069
1090041
1065473
760454
1037828
989700
1159268
1096211
751165
1071332
1077066
938570
1052683
1025892
912641
964662
825340
1165372
1127787
741645
1154991
1156280
750634
1110136
656984
666966
1190575
1164684
932090
1091219
806550
1138402
1097449
849916
1107926
1103721
934811
939417
877757
888851
968229
845866
786773
808813
790210
1099294
1094455
765816
938819
840907
892431
1092637
1085243
1118196
1098136
755027
1139550
1100023
653756
849339
813180
702611
792758
834944
1119325
819496
853846
941825
900724
932802
976253
1026877
899838
1025492
947804
1125807
1005720
717854
1080330
1009152
754325
993605
1027471
910917
1073948
1073108
829840
1072308
971240
1052255
1088224
681576
1073675
1073017
937735
1040253
986165
878757
1080033
885094
1086151
1100516
739794
1064172
1068713
870513
1086085
1033071
722869
1046678
1037924
1030432
1078443
892042
1008947
1066394
733601
1052058
1060804
765144
1060135
1066234
859661
1081785
1083905
1154372
1063208
730162
965652
991115
717988
831553
834679
799431
873347
937327
989734
961577
877805
1140558
1017819
773810
868127
937752
832820
922802
850604
750274
833417
776895
896636
577259
887791
962690
877459
849508
1164472
648594
740011
1004089
779335
718214
1014237
962970
831586
1054646
1054055
1008887
1001329
760844
982435
900525
731924
1146644
1075827
850723
1082347
1086589
901346
1078336
1077653
1162222
824144
710217
1075209
815858
681068
1062209
1060746
890498
1096144
1095034
841130
1070825
1080426
1168291
1091203
791686
1104239
1062887
857664
707421
806883
785415
815335
1008750
873835
893288
931599
1078254
1071781
746314
1094697
1100788
901214
1104519
1100864
865591
1099389
989029
1083528
1101300
779029
789904
654514
833744
1049726
1051188
895317
686741
822535
1153389
991732
721165
1137230
1039683
766844
1049022
940289
733995
1009708
923378
638351
775421
750792
887255
854568
630436
874344
912522
860585
879988
777970
940687
832033
850277
863481
828500
871847
1092770
1047209
700091
1105575
966114
706944
770165
845633
898844
851294
763029
836789
829010
805665
928875
808454
728890
1042157
1051442
818843
1101539
958496
1103002
1042356
785004
1026791
953171
917577
985519
1004861
951723
1060190
844226
1061770
1058387
782818
1063335
1067740
847233
1062015
1070769
1123711
1064145
762555
1122143
1075757
705433
1070070
1071274
872639
919539
721597
756713
1048561
813534
693405
856898
819602
947786
722023
685932
1003362
802147
821642
792685
868473
855555
1071955
931297
1027949
1050253
725333
1062278
1057184
945064
950310
1039361
861814
854844
798961
