1329699
1295157
1315461
1305982
1263084
1265500
1282542
1289274
1456219
1298838
1257865
1502637
1311419
1298065
1402367
1195357
1437612
1578480
1319926
1676769
1248245
1398729
1372325
1279127
1338288
1458126
1437360
1532760
1419358
1345689
1572631
1328053
1327696
1433123
1254194
1262639
1421568
1255702
1517608
1254906
1184091
1750336
1454455
1550833
1636355
1507977
1491806
1652932
1141880
1375520
1331408
1482395
1637972
1369361
1406074
1415527
1492983
1370832
1391575
1626029
1375984
1426671
1421607
1455917
1323436
1251229
1488957
1237454
1282554
1371519
1329469
1313561
1518069
1283319
1487185
1418741
1495481
1835561
1232414
1465997
1294437
1519493
1441678
1518101
1527122
1545998
1451967
1684399
1394161
1390828
1452473
1451130
1265961
1257247
1376327
1229338
1446397
1244073
1232221
1370203
1220191
1224474
1450683
1414968
1511912
1453950
1338495
1503970
1325985
1257488
1562179
1227310
1231668
1366828
1238575
1241034
1344641
1229838
1459401
1450975
1413964
1543324
1361798
1463109
1606720
1534800
1466580
1540902
1537048
1482264
1455628
1360605
1758987
1484962
1570215
1555061
1499479
1526720
1586853
1464223
1421291
1420788
1240843
1602213
1228099
1422634
1404886
1257275
1503289
1486998
1377922
1456120
1408042
1676526
1575193
1488267
1440220
1542744
1488569
1488146
1428032
1489891
1478595
1542900
1551922
1444820
1274225
1368095
1324855
1541085
1440967
1591710
1398197
1388801
1590573
1354921
1437975
1470074
1504925
1456942
1445668
1249412
1553736
1264377
1418544
1648615
1401759
1566148
1417555
1391254
1507363
1538846
1558105
1659728
1413763
1405739
1405227
1422423
1294610
1661448
1338213
1353617
1325831
1280607
1386194
1429138
1354125
1435661
1389271
1403190
1550356
1404747
1253627
1515004
1315091
1261069
1457825
1211816
1230642
1379946
1375404
1308529
1541974
1361860
1440608
1354915
1377293
1541647
1275486
1243236
1515356
1205446
1205197
1339256
1226403
1289872
1303860
1184834
1205798
1350568
1180277
1369370
1207585
1392661
1462246
1355037
1415329
1540689
1385289
1415673
1551709
1432075
1640190
1543825
1555783
1505553
1482291
1519953
1353678
1424122
1431859
1483968
1394002
1372989
1386354
1444877
1506477
1295777
1182418
1334497
1245042
1238476
1438984
1217848
1240774
1377324
1215443
1513552
1198188
1196313
1382863
1237748
1215117
1294573
1228330
1341695
1215574
1221517
1441296
1179537
1178435
1396773
1200933
1229591
1375287
1204513
1426692
1215904
1210322
1497252
1216822
1217626
1512304
1237001
1344647
1375390
1234357
1635516
1423182
1414359
1582854
1213474
1219133
1417240
1240281
1258213
1365978
1244120
1639176
1282022
1231092
1576599
1235804
1226495
1479648
1233236
1229959
1438189
1247590
1323350
1465728
1477627
1414193
1478064
1461008
1517091
1397368
1257532
1436209
1235581
1360513
1382395
1309484
1375180
1397807
1220869
1373488
1608314
1511219
1656692
1381882
1491859
1583086
1522736
1456163
1454066
1213178
1301010
1373436
1303632
1391365
1365185
1380879
1647269
1215872
1245069
1338289
1221254
1224124
1403613
1222877
1353133
1279961
1284245
1521729
1338633
1277472
1418683
1202584
1296943
1386291
1285480
1386185
1307889
1436537
1638546
1519440
1591951
1381353
1208689
1209886
1426478
1218598
1244710
1366368
1214037
1593534
1213563
1224103
1489769
1224334
1229742
1518261
1235193
1233558
1378791
1226255
1371828
1244498
1397426
1347513
1548281
1425120
1359572
1208308
1209895
1377149
1211334
1323451
1236247
1246755
1752541
1229675
1230949
1499767
1255013
1249713
1381725
1235727
1267882
1426964
1426474
1398962
1261256
1224459
1666043
1209104
1261314
1331448
1293071
1340122
1365857
1209354
1210482
1279404
1205844
1279216
1394436
1405510
1608455
1391345
1396786
1478002
1303485
1342244
1332146
1293687
1275874
1471488
1322325
1315695
1316180
1300754
1401989
1466359
1361708
1555413
1501401
1440240
1498509
1494151
1475062
1500463
1383804
1338170
1430908
1254461
1334708
1411729
1255564
1514535
1295805
1231459
1486855
1255580
1257017
1379550
1252279
1248130
1384616
1220677
1285023
1441322
1246673
1500700
1267274
1249355
1345663
1258230
1256294
1494427
1247526
1233395
1539683
1380561
1490838
1287427
1401473
1587917
1427243
1294345
1427578
1199185
1320146
1405206
1262445
1253658
1374463
1446615
1382524
1533563
1430481
1467125
1435269
1222496
1651618
1215269
1282615
1312910
1316596
1302731
1361178
1213470
1283219
1376342
1445199
1535827
1318345
1389777
1643065
1230806
1213927
1469713
1221155
1212702
1357211
1229192
1230777
1453934
1370169
1504540
1557958
1380521
1426024
1545333
1487963
1601196
1405956
1405047
1469652
1221960
1227146
1370365
1219025
1475891
1280846
1198848
1545862
1376903
1300413
1499729
1292569
1285565
1383750
1298848
1331391
1311946
1267513
1621860
1259165
1223846
1543212
1221568
1219022
1461598
1216994
1215717
1433781
1232702
1243100
1364741
1227547
1370356
1211342
1225150
1473127
1238222
1231024
1366276
1236059
1244902
1408937
1236677
1340405
1389678
1232258
1695790
1252213
1220742
1562131
1421720
1443678
1368102
1217414
1214982
1396713
1237722
1260579
1423262
1250511
1416318
1250451
1235487
1539430
1244207
1244782
1362932
1234092
1245746
1293718
1233789
1301779
1279422
1242753
1694736
1461947
1453763
1431574
1300620
1589652
1553948
1329593
1352394
1432698
1403230
1346518
1336865
1277060
1496759
1260699
1230021
1508307
1200590
1199695
1443573
1219864
1210224
1333271
1193173
1486170
1387377
1345046
1442716
1447697
1451797
1507156
1508925
1464885
1368173
1272811
1350837
1289427
1297484
1496166
1233258
1233086
1523209
1206026
1200080
1346052
1227279
1225499
1393323
1228386
1230577
1352064
1210010
1393480
1224635
1227169
1603760
1227877
1218448
1349964
1238541
1237827
1495473
1221966
1282043
1452999
1417357
1495849
1254936
1237179
1480367
1294596
1333457
1431229
1257844
1284978
1398900
1285669
1384850
1352982
1226993
1738649
1236265
1251375
1669259
1218584
1265119
1358329
1613355
1394308
1297607
1437663
1607661
1244776
1495513
1570161
1207756
1215288
1260596
1153014
1217198
1375552
1119049
1245407
1116342
1209408
1635370
1169779
1278917
1538228
1286759
1186517
1231699
1185031
1459518
1177652
1188469
1537327
1190388
1198242
1287063
1230890
1207382
1435452
1175887
1227131
1354998
1270095
1653480
1223408
1214424
1337180
1239975
1289693
1497030
1287950
1453945
1296494
1161874
1529955
1257590
1189093
1577155
1184606
1648295
1544729
1277630
1287576
1376271
1216637
1411112
1209733
1209376
1511586
1198872
1194833
1452563
1320183
1492118
1477073
1352479
1486687
1508544
1501746
1349925
1348027
1183682
1660910
1344599
1386209
1393873
1195324
1198305
1340098
1198285
1449895
1178945
1184798
1669580
1422762
1500062
1528622
1411663
1460759
1440694
1390983
1569599
1347529
1329951
1279722
1285635
1256291
1399623
1272452
1308213
1320863
1251404
1506377
1332858
1307265
1734452
1323020
1302009
1245631
1198255
1199163
1460732
1218400
1290364
1390579
1209686
1768173
1216517
1217577
1273874
1249695
1297168
1339565
1186688
1277182
1380608
1194266
1509732
1220961
1219259
1362253
1206308
1247804
1552487
1262092
1271366
1323201
1207104
1319828
1383755
1234203
1580687
1237848
1225902
1568555
1235828
1229496
1354086
1218634
1212759
1379371
1231378
1534857
1346548
1508000
1650923
1357296
1593785
1528684
1433682
1311808
1352721
1327781
1379546
1362126
1299553
1446981
1413331
1415573
1404212
1381545
1334865
1556592
1424786
1457865
1445204
1767828
1383004
1389463
1495880
1453685
1435349
1663459
1552765
1322191
1485526
1482580
1292449
1349935
1336211
1199409
1261141
1385791
1307987
1418622
1518353
1377453
1497450
1164335
1195515
1467790
1219414
1214010
1397361
1215978
1217774
1367891
1404267
1502534
1315016
1388776
1599010
1229832
1221702
1443263
1190858
1193912
1399029
1217914
1212873
1344246
1198193
1399811
1211373
1219689
1370342
1484873
1482779
1496359
1477315
1474596
1441498
1414803
1313843
1379806
1214697
1598399
1196093
1191633
1356609
1185846
1191290
1484768
1193412
1272821
1372334
1192384
1538614
1454251
1589974
1465185
1227798
1228763
1368538
1491084
1326158
1488361
1199379
1478908
1234775
1280644
1396579
1249112
1325447
1530148
1339864
1303907
1534778
1548316
1495343
1571561
1450581
1710096
1589663
1303501
1437522
1394965
1442907
1389118
1479668
1578295
1401184
1422543
1391131
1282282
1142666
1421479
1216132
1245199
1600655
1487295
1390059
1412159
1334968
1463585
1479347
1452525
1429192
1460787
1484298
1448293
1268397
1218906
1443771
1305355
1419169
1379363
1233034
1605813
1289380
1239027
1303531
1271993
1256969
1378805
1224113
1343745
1349439
1224169
1611645
1214146
1209169
1373472
1231278
1229970
1363755
1221352
1403596
1201934
1213217
1685642
1223846
1218007
1357040
1262397
1587965
1591891
1352554
1507384
1548697
1404310
1603806
1663188
1653882
1588527
1267919
1468118
1388958
1476446
1389022
1391415
1209709
1291169
1422789
1245095
1567406
1223916
1224984
1365655
1396266
1313331
1364021
1376786
1353534
