945595
855297
894893
856910
845904
848484
824638
872838
1013795
881106
840605
1030853
917259
904793
897215
721633
990628
1118308
887474
1218797
826881
916573
843921
830483
855644
942498
924816
1005720
1021478
937089
1077363
918169
918584
960003
828926
837427
915368
827466
1062900
838862
698895
1219800
975667
1030137
1106835
1060305
1050718
1135684
722884
894916
856984
1004499
1161276
920297
870734
926203
1000503
882304
913707
1175273
925928
921419
991259
1016637
880112
850233
1027497
814182
858606
901063
906001
883129
1014433
861751
1052749
1000269
978389
1274245
821134
928961
796101
1031461
932922
970093
1021998
1007606
971607
1189279
925897
955104
956645
938330
848337
839899
870039
810882
1025545
827149
814457
907031
801627
788118
956883
935896
1048560
1022310
900831
995334
914069
845456
1106915
816198
820976
905020
829359
831754
882713
819310
982613
1022095
917096
1012136
949926
973509
1086916
1022148
992548
1062218
1070172
989728
987464
887009
1312587
997274
1145187
1085261
1039255
1032136
1092781
976551
938255
961500
823383
1151765
816495
994258
953978
827699
1043293
985702
924550
973148
921102
1189818
1100981
1072583
1015904
1089300
1063337
999978
913052
1073419
1010119
1082308
1080542
932164
848025
941863
833787
1064461
1016671
1123158
982317
958025
1109145
911145
1006979
963402
1047237
952406
1008456
820756
1083408
858577
969252
1156891
1006079
1101992
916987
945046
1042955
1057062
1087853
1173908
984071
989991
971859
982919
883598
1274972
927049
963229
894175
853655
955806
886578
973085
978113
912807
959742
1004768
945647
833451
1099308
886811
847801
982829
795556
814962
889158
963228
888925
1070778
939400
958208
892595
905553
1052871
839134
806672
1026692
783518
783729
853392
814579
881444
820020
773274
775442
895972
797985
924014
793869
951661
1011850
936357
985841
1048173
966313
946033
1088433
980911
1209738
1136369
1116407
1091053
1055291
1040157
904202
974758
941559
1001616
946474
942245
906766
969305
1043289
880729
770054
879081
823294
816812
934592
803600
806914
930880
802979
1026720
784408
781205
883835
823556
801101
809389
815334
907495
789050
809941
984624
775221
768351
906633
788821
798891
925579
791629
955648
802380
797350
1024016
803978
804954
1030784
825281
911515
930194
819877
1162348
1014062
920215
1095322
794938
800729
921528
829401
830021
912258
830436
1162040
866454
816056
1113083
826444
817499
979340
822212
818923
917905
829774
888838
1024084
1013819
956665
1030092
1002812
998199
989316
862812
940065
829969
955085
891943
874688
943368
926111
822113
958012
1125790
1053931
1207540
950226
1052971
1041094
1092256
1006063
955662
795202
921706
900400
888900
937289
929757
945135
1169661
799152
828925
824765
804498
807496
915873
806465
904853
856549
863937
1061741
916429
872840
929147
782076
873739
913791
856432
939253
864537
964909
1173590
1024172
1099959
873793
794381
795774
938282
804994
812934
914752
799205
1106782
794459
805163
1007857
804334
810178
1032069
821529
820002
867171
811663
960144
803210
905118
879645
1138357
990496
876528
798160
799947
892585
794602
903491
799675
836839
1256149
812163
814093
1032727
844597
839517
902549
821163
834510
956564
1016406
970466
830528
814839
1218883
805276
849714
868216
903823
933130
889589
796170
797302
800452
795548
867128
941064
975090
1190451
957145
975686
990478
898669
939648
877478
871151
863718
1009060
907825
904959
835108
888542
926457
1029815
924148
1038857
1083609
966404
1048057
1052499
999386
1041699
940148
894822
916860
842097
903580
960469
836616
1003155
876241
812499
1004867
836304
838381
906494
830747
826810
832580
807977
871747
986838
836529
1054772
847890
829283
884763
847122
845670
1010663
838274
828971
1050395
972541
1015090
849619
947329
1075313
992971
854077
911458
809445
911710
941158
834605
834910
896527
975939
940792
1067119
968069
995445
997089
811744
1205250
793109
872771
845302
919944
882739
880386
798902
865099
936606
975707
1034939
880093
938881
1164861
818050
800315
1007185
807715
799570
883623
815128
816949
964698
913065
1052328
1071246
919129
979356
1127449
1037999
1117684
974588
973691
971784
809880
813342
880737
807057
1054151
853534
773584
1081918
956427
892197
1027237
884837
887249
926118
887444
899795
880390
850281
1137524
848025
811074
1089096
808756
806778
991962
804942
804133
949145
820518
813384
885633
808763
934220
782998
811346
1014107
826990
820540
887996
824831
832454
929693
825441
911673
948674
820474
1209066
840501
808970
1104123
1005148
928806
892826
800958
798654
905993
825574
831555
909642
829115
994382
792927
812487
1076318
836355
837334
890600
824064
836046
817434
823149
893279
839718
830833
1235808
979671
992167
972258
848420
1109316
1012912
831297
859198
958726
978434
906378
893485
855132
1030459
848059
816713
1046383
786626
786195
966581
806028
796012
892387
779905
1030486
911489
870154
963932
1029253
993477
1010744
1062445
1009497
909821
859103
935073
852859
880672
1020398
808070
808354
1068285
794046
788624
872020
815563
813815
911847
817594
817209
855756
796446
972040
795331
814781
1148460
814729
806836
879192
826357
826059
1002005
808526
866039
985247
941549
1019557
842984
835803
1008903
897984
916949
944825
833272
875786
891264
876837
944278
910622
811497
1263681
820813
753883
1102155
771236
772907
827085
1107951
929296
768903
978335
1119681
807680
987649
978841
796172
763192
772584
719186
789882
845040
685277
801499
655874
755548
1110718
741887
847021
1036736
816243
690461
718147
753391
957998
711940
774933
1032951
745380
748778
774339
767838
797542
924184
719671
748423
880846
880043
1183844
798616
790236
874248
816211
867789
1024250
875250
997521
823626
728570
1021655
819510
751393
1095559
740774
1124983
1048673
900294
910728
910943
796941
982128
772837
789396
1051874
779508
776089
999811
864339
1028862
970893
912159
1026987
1014076
1044430
895521
908531
761658
1178894
923955
914425
914921
775280
778329
845298
778197
1018755
741089
764222
1239284
958710
1006234
1009942
982131
967195
977970
930715
1128607
905417
901051
787970
851731
821179
908791
852628
882965
855571
826904
1060189
901430
878777
1279528
910580
890073
774855
779855
780823
955104
796888
849612
937407
789442
1301337
787765
789233
789522
831527
884000
840293
765928
855746
931744
775202
1044944
799969
798819
882609
787916
829556
1076099
839988
849182
829601
789096
883988
936035
814671
1114807
820540
809134
1090599
818396
812700
840346
801746
796047
879987
813786
1061161
929332
1042424
1176171
904680
1131093
1016092
1028958
904656
881621
923477
960486
927114
883377
994921
984231
951545
958504
951821
923449
1085304
961818
968829
948656
1373200
932376
878375
1092296
925281
979125
1193559
1053385
901651
987894
948156
870517
915003
838911
798625
838521
885307
886419
961490
1066953
935469
1055710
748231
778603
1006166
800114
795310
900489
799322
801314
864739
936415
1024526
897232
921960
1103574
805348
796810
959943
770678
773924
912909
797858
792869
845842
778873
972287
775201
800877
866870
1058757
1023107
979227
999803
969452
947378
963303
838871
928294
793565
1131867
775505
771749
869181
764934
770714
999296
772672
832833
919418
771120
1076782
1012207
1125062
937689
805794
806883
883914
1026552
863426
1019305
777143
1037752
816571
861188
963047
814760
853035
1067348
904496
885275
1009246
1128864
1022011
1080413
998357
1232920
1119755
860857
905570
957697
959351
939482
1048228
1085731
935568
929703
891987
781782
713518
991667
769372
827231
1117287
1028563
897691
877891
901784
970045
957923
968593
891720
1024907
997322
911541
844997
795766
944247
901103
995877
923383
808926
1132493
858732
809095
829499
853989
839061
890277
801213
901377
899867
801501
1141865
791850
787161
863404
806486
805926
872063
802276
967104
765538
792137
1222326
803882
798559
864504
851925
1110949
1114571
943910
1048788
1057101
980590
1094778
1226044
1166686
1061663
828187
956370
912278
1030418
928110
886255
789241
867705
972505
824783
1102590
798768
800364
883451
982118
902015
862829
884646
900870
