384104
439860
420568
449072
417180
417016
457904
416436
442424
417732
417260
471784
394160
393272
505152
473724
446984
460172
432452
457972
421364
482156
528404
448644
482644
515628
512544
527040
397880
408600
495268
409884
409112
473120
425268
425212
506200
428236
454708
416044
485196
530536
478788
520696
529520
447672
441088
517248
418996
480604
474424
477896
476696
449064
535340
489324
492480
488528
477868
450756
450056
505252
430348
439280
443324
400996
461460
423272
423948
470456
423468
430432
503636
421568
434436
418472
517092
561316
411280
537036
498336
488032
508756
548008
505124
538392
480360
495120
468264
435724
495828
512800
417624
417348
506288
418456
420852
416924
417764
463172
418564
436356
493800
479072
463352
431640
437664
508636
411916
412032
455264
411112
410692
461808
409216
409280
461928
410528
476788
428880
496868
531188
411872
489600
519804
512652
474032
478684
466876
492536
468164
473596
446400
487688
425028
469800
460224
494584
494072
487672
483036
459288
417460
450448
411604
428376
450908
429576
459996
501296
453372
482972
486940
486708
474212
415684
424316
453444
425232
488168
514980
416472
468476
460592
471380
512656
426200
426232
491068
476624
424296
468552
415880
430776
481428
443776
430996
506672
457688
504536
437212
428656
470328
405800
449292
491724
395680
464156
500568
446208
464408
481784
470252
485820
429692
415748
433368
439504
411012
386476
411164
390388
431656
426952
430388
542560
381040
457548
476464
443448
545588
459100
420176
415696
428280
413268
474996
416260
415680
490788
412176
419604
471196
422460
482400
462320
471740
488776
436352
436564
488664
421928
421468
485864
411824
408428
483840
411560
430356
454596
382292
445356
413716
441000
450396
418680
429488
492516
418976
469640
463276
451164
430452
407456
439376
414500
427000
479796
449476
449364
490300
482352
447528
430744
479588
475572
463188
415048
412364
455416
421748
421664
504392
414248
433860
446444
412464
486832
413780
415108
499028
414192
414016
485184
412996
434200
426524
411576
456672
404316
410084
490140
412112
430700
449708
412884
471044
413524
412972
473236
412844
412672
481520
411720
433132
445196
414480
473168
409120
494144
487532
418536
418404
495712
410880
428192
453720
413684
477136
415568
415036
463516
409360
408996
500308
411024
411036
520284
417816
434512
441644
463808
457528
447972
458196
518892
408052
394720
496144
405612
405428
490452
434796
431812
471696
398756
415476
482524
457288
449152
431656
438888
541992
430480
450100
498404
417976
379304
473036
414732
454076
435428
435744
477608
416720
416144
513524
416756
416628
487740
416412
448280
423412
420308
459988
422204
404632
489536
420508
423204
472500
429048
446932
443352
471628
464956
495268
491992
507560
414308
414112
488196
413604
431776
451616
414832
486752
419104
418940
481912
420000
419564
486192
413664
413556
511620
414592
411684
441288
492308
467868
409924
434624
483044
410148
409948
484564
416732
419960
436572
409916
496392
417512
416856
467040
410416
410196
479176
414564
433372
470400
410068
428496
430728
409620
447160
403828
411600
463232
389248
406992
476268
413184
413180
478952
410296
412088
453372
430420
418004
434200
421100
487524
404816
402596
454668
422536
412156
462428
414500
410736
481072
412212
475532
436544
437560
516556
417792
473836
450452
441652
475676
458764
443656
443348
514048
412364
431128
451260
418948
511380
419564
418960
481988
419276
418636
473056
421532
421320
552036
412700
413276
454484
410144
445928
419384
420072
460900
411108
410624
483764
409252
404424
489288
408020
475748
437808
454144
512604
434272
440268
516120
389740
408436
464048
427840
418748
477936
470676
441732
466444
462412
471680
438180
410752
446368
422160
409844
467608
396652
419992
480792
414568
418120
439736
469492
500888
438252
450896
478204
412756
413612
462528
413440
413132
473588
414064
413828
489236
457104
452212
486712
461392
446668
417884
449964
483512
431368
431356
497868
412080
413804
489628
411968
421740
427312
425264
463944
420476
408216
472492
407732
398316
457632
411404
431596
431556
417232
484336
411140
412772
454116
412812
412244
469636
412052
411584
484636
412184
429716
479108
418784
436136
428344
413804
459020
411232
410484
478280
411228
412448
479244
411236
428732
441004
411784
486724
411712
411772
458008
416572
514872
475276
416456
416328
490720
412148
429024
513620
421396
421936
457524
423000
463112
407852
407448
472332
410028
409700
476284
410640
408500
439704
411920
458928
482276
461596
459316
452200
480336
541036
498296
493196
473972
424796
440140
443380
421928
466300
412640
413308
461924
413964
413500
476992
413836
414212
440884
413268
455684
475888
474892
478784
418444
458320
496412
446480
455388
458352
413708
415764
436568
416812
475768
425188
424732
454924
411980
411456
474032
411716
411684
481476
410792
413368
496308
413564
421440
429304
412388
455300
413148
411612
470772
412184
411768
493468
413440
416004
467752
475808
476292
411952
401376
471464
396612
416508
486404
424572
409192
507636
408832
440572
442360
415496
474968
415452
497492
567104
447348
492212
531244
505404
465012
528704
459328
487980
437096
507864
591320
411584
452096
488012
433828
427316
530512
433772
443908
460468
453860
524652
427892
431896
501492
470516
496056
513552
431640
501520
465712
413536
504376
445008
449464
512724
463052
409840
511268
456216
478708
474152
390052
469636
424792
424188
462932
423764
421904
472780
412700
456424
472868
433304
508300
438080
437700
481596
443832
523312
496056
377336
376848
465328
419696
428984
436896
419980
459712
419364
418744
452752
455844
463256
506180
440320
459700
494468
457316
454404
439496
422024
482016
420644
471784
478952
420044
419976
494800
420088
431140
437856
420576
430296
464052
493828
518680
429532
493564
462724
460268
440992
442112
428900
491752
433904
435112
490832
419824
425248
465292
424500
446188
431428
428488
454924
412440
411936
470776
418400
418340
505628
421512
440752
453172
420244
466836
428752
428344
484352
418168
413168
499272
420760
421436
448864
419064
464788
420992
420440
479644
418392
418248
476388
422104
422184
493600
418008
435840
447720
419532
465880
417308
416768
477956
417432
416796
513740
416888
416712
499384
417592
473696
417216
465576
474752
452616
462692
512592
404724
407152
471100
404304
419060
435012
416176
452060
429100
464028
445708
429724
411416
471288
462968
489036
496548
394628
450628
511088
403584
528404
456224
469900
499380
420540
497632
534424
421932
434932
497300
400784
422620
500484
421568
457132
451400
441984
441740
416104
416912
461624
419300
418700
496872
416656
416460
503152
467852
478008
417784
466816
495436
424484
424892
483320
420180
419988
486120
420056
420004
498404
419320
427524
436172
418812
503472
426116
459672
517132
477512
505144
494120
451500
474972
451512
421132
466532
420588
419884
487428
420912
420576
485472
420740
439988
452916
421264
461832
442044
464912
527496
422004
421880
484624
464532
462732
469056
422236
441156
418204
419456
433532
434352
472412
462800
435368
418632
525532
419452
473332
491148
452224
477176
469908
442644
531952
437268
483556
449636
431440
492564
465616
492840
499144
500500
429148
429812
446760
417968
483368
458732
492368
534268
433184
493540
521424
483932
537472
435880
486976
536752
423400
423140
499524
404252
423292
455980
424108
473320
430648
429932
474032
418004
417908
488528
422900
442368
449572
422668
469780
422296
422008
510068
424792
424044
491692
419076
436492
436396
421080
463316
419964
419448
492536
410472
477016
477320
408644
458596
491596
423720
509028
437144
487196
526864
439732
511748
476680
446028
460912
505160
420468
423464
450284
420312
464816
425148
424620
482204
414148
411316
501192
492140
452664
