401272
407780
122660
221376
268620
124444
358484
203384
200364
334128
177320
223276
285988
234296
343120
180116
143636
322068
144048
166444
237512
169992
278920
270364
275276
454060
148592
220292
426316
227780
227260
401480
249872
301044
200732
194668
199972
200572
417324
153820
301100
255780
361688
144492
123420
330984
241984
334240
189396
412852
307700
257448
408936
302612
319960
192888
310548
216808
188704
277952
137736
186200
388332
204092
199124
239948
182128
148292
236572
230356
118068
253400
401420
231852
245732
452856
163092
287256
319128
144132
303864
332508
194368
226476
149796
207712
430068
227700
238064
328148
213624
220040
283524
127544
219424
274364
279476
198304
224976
439424
186944
233764
148608
186396
278588
218840
393796
338612
96468
212184
249124
170632
248332
115472
415032
134660
291296
379512
217404
380016
205360
233492
262128
307660
227428
398596
98984
234984
463524
245964
145140
333992
161872
240304
326420
142784
220644
454172
160920
219032
158848
208472
304204
152512
252644
407584
152768
417596
173448
173396
227732
197648
297256
128036
326504
339776
211704
197028
407168
122372
245196
278136
228260
197432
104776
213292
314928
309848
258452
448716
142628
237772
337760
224152
259800
371944
156000
209228
250112
325796
451900
191060
185636
423556
165880
171596
234448
227108
353020
206164
245852
200952
282672
246680
191804
350604
99260
286260
203096
309556
187644
242392
257008
281560
208768
381624
184612
276452
442404
184772
257896
442960
149240
178980
327936
201956
187284
246056
210684
340708
167712
264200
364072
270032
221836
402088
212880
216016
403728
153956
244376
250444
204168
277452
251452
155868
65244
412108
177816
182576
300352
185372
196432
139840
231220
204124
341220
242784
314896
290384
254212
240120
423984
233616
306148
273144
241776
153648
194268
223484
190360
239568
201404
288920
407672
199928
410520
282684
216180
401536
212328
219904
393128
139952
286848
170740
207016
201204
189052
290984
256676
187864
224588
149416
91612
392284
225328
224868
489708
317060
171932
502656
184604
369968
225280
174836
420288
194296
202368
384084
157856
262088
391692
345032
291012
376536
231312
291396
124308
183548
300828
171324
206300
368940
217028
155900
160624
157436
251656
262752
159952
323936
183772
307796
146608
333024
161780
181700
437104
138552
246220
320252
184956
231024
264688
135244
329444
255496
255856
264936
237176
133396
325132
253172
467668
126008
208724
358380
110988
220824
244192
317292
380328
270580
271284
366744
161732
190512
310496
203632
183164
179496
272180
182200
190992
233380
267276
207280
386864
150048
204880
341004
169432
235864
226984
253076
354976
183456
224316
96084
213400
167076
115392
179448
284168
191340
240880
373952
191936
209028
381420
117476
190872
108208
204888
129120
233916
177372
264020
483380
172796
248560
336164
320488
407212
166344
345976
98136
202364
373052
153992
226440
280860
202708
218280
204960
371656
158708
326868
458788
