400426
257971
353987
209695
362338
171359
330204
262651
269564
266746
301682
382462
403950
267941
257906
276044
238676
220975
186582
137030
381997
204085
371782
256768
346864
208856
205488
242301
212980
261845
347924
332097
279679
199626
448934
98235
272447
260978
138116
219679
346275
457645
161654
242268
279849
98991
276410
323748
310655
260248
222511
344379
92186
300894
265037
304481
327091
375052
225142
234530
368711
261598
170351
375345
253893
337360
151985
336880
427189
345916
318575
216666
259674
421173
313085
289136
174443
235972
170085
218212
274877
346933
276581
72900
329359
144173
255970
210584
334835
153316
362315
412876
438394
247205
318824
357571
283635
270573
241412
172930
243732
316215
261899
302928
147931
184784
172688
273593
145672
208606
372494
187367
438702
235793
142062
478365
317289
180157
360140
229732
377243
370409
257533
387507
436200
202593
393742
252309
138239
230465
248624
166478
289053
240458
246549
168387
247066
170923
319684
234527
265226
205415
333211
237672
188322
174134
250114
64559
128846
344497
236389
295115
278576
237220
446585
317497
430937
241645
139048
163184
327349
106900
305777
301784
363748
180007
183168
340678
247101
199900
234355
145477
105076
323388
207139
85713
273032
323132
333781
386822
153549
362844
176076
113466
473727
248248
215038
351525
190500
314568
454072
426019
306901
406549
267083
203134
387408
224188
257448
249390
384379
180225
184826
245599
212329
315990
218287
290046
188488
168112
314629
171217
160907
77945
148816
364405
297295
489340
372552
361709
131208
378855
259356
203969
320594
242034
302601
311733
157833
307596
437828
518168
276680
239766
299185
290304
384256
315090
310016
157809
151294
244715
344832
417338
113084
217754
224702
239621
298371
209579
312882
255762
116447
309432
292867
228476
20898
197526
384771
205242
210799
240874
290929
110393
198280
190058
233433
318534
289778
258182
259373
234064
122731
266559
167167
299426
210750
130046
198710
388791
175537
370551
350669
308286
203608
340969
313289
258172
116413
343012
209062
257248
206652
343550
245737
334134
91548
225334
248932
254834
260628
179615
387177
256898
201668
206943
211897
294125
357867
274426
136994
331478
285460
133242
254948
382711
157764
141132
368902
231245
381768
401759
275371
362638
239670
251438
424676
249535
142728
239494
113911
214183
260664
78970
326258
412082
289920
329585
259325
223228
305031
255636
101075
276652
272992
248289
167652
309007
305803
107521
319723
267948
130971
261451
233720
273683
246571
361871
404033
172705
405712
351148
148768
426740
334958
170329
274382
317649
320832
330152
255461
169490
366815
254265
378081
228127
81288
229810
340451
434541
347705
124425
238183
324449
413131
230018
381073
306540
259207
231693
108587
353577
327433
318076
227130
307859
134483
130212
118601
223239
385885
186441
115430
285215
318822
241646
107560
244146
251774
239651
288310
389192
287368
262441
166127
234322
103778
291303
389778
192529
