39956
48584
49720
29584
20272
47824
82288
74908
45360
48716
51664
51228
46956
44528
152288
58944
28388
54268
52684
30948
24780
46180
59060
18336
60700
101616
41564
14944
47396
50000
38524
47172
38228
53440
50128
64148
50472
93168
46868
50108
47024
34408
99488
31416
52940
58936
54852
46584
48284
61128
29404
56360
48724
48916
55492
10592
55252
46508
47836
149216
57208
84492
170940
61468
45896
28332
57032
47796
19068
19772
43128
48424
144292
81424
42764
155288
45756
69724
21744
49012
55904
45936
47596
88348
50088
59616
95180
47084
45504
38448
48512
48852
70496
56240
47376
37376
41232
40200
44620
53816
47984
44408
48836
55656
45560
55284
215396
63880
15368
7352
48316
45632
47216
48024
198692
14992
49060
48660
50428
133672
48340
63504
54820
44536
49500
108580
8660
85024
150364
15396
26880
51000
43100
44408
70244
31180
29984
67368
54800
43872
49232
48840
209416
83856
45528
64800
47220
47120
47556
47836
47248
47016
52272
68152
47568
193296
6660
55536
77760
41300
39260
43792
66704
52560
49084
63584
159752
71928
43328
114908
69464
38984
87028
6760
69272
49712
69164
48412
61576
34712
228884
72228
46972
65720
51308
44744
64860
47032
63852
46964
49912
33404
117152
47984
60952
48288
51224
18408
46624
48576
48840
64208
31180
47784
59492
194728
48504
179420
68424
59372
58396
68736
66480
50468
29024
48632
50224
48020
63280
65680
46868
40412
61012
85252
6664
46916
29064
51208
48468
71860
38656
49536
46892
45756
47916
60544
56676
52772
57276
44184
47060
66712
52060
47536
49276
47924
56756
47156
11892
78336
48672
75896
68932
69236
19788
48520
76652
47828
52628
47512
64156
83004
54916
47888
82636
49972
227388
47732
46096
54960
61796
47276
157032
65264
47164
43516
47424
60636
47188
51916
34332
7684
56048
32864
64332
140664
63240
56860
146644
50488
36892
48684
48016
194848
48392
30320
169880
66112
46900
48124
35472
47960
47608
64956
47264
16364
63896
62256
48160
57856
47848
64704
62060
56892
32124
63932
60920
72512
49400
48224
46164
38548
50472
60492
26708
140224
47548
46620
59612
74988
69808
19428
80252
48744
44404
16080
43236
49308
48244
99376
48928
59412
47256
70816
116924
48764
47696
58632
39192
49692
46444
47548
87408
9812
48328
66932
88768
66236
25960
46620
21408
54388
46528
48588
55444
61264
37556
41376
155776
64280
48868
128928
34484
47324
47404
58072
41304
50332
76612
73776
34192
66872
46408
46776
54244
54696
53032
62828
50600
46736
52752
33092
57844
46552
122532
41448
51664
46880
77340
150604
22636
58156
48432
48980
60968
47000
113428
62884
36444
39668
53596
46536
49212
53848
46828
50596
61200
49512
71916
57956
