305989
469431
726122
745613
671331
740576
462437
707087
706269
798138
634327
675907
504723
603923
412022
738606
822193
671544
793207
783022
570065
715302
692506
615586
672943
482275
736172
535216
591230
704132
742517
427883
647063
625309
633434
644568
665310
772857
426755
710513
531195
531614
536843
722166
756520
632634
661385
436874
610684
411378
579597
697664
682000
509807
577900
618206
467057
715369
541083
617779
733221
751803
525342
652133
676638
553483
612977
634178
582714
672893
734395
568519
377604
635657
495757
366122
693084
423485
312035
692926
566640
509090
746017
525394
566052
709218
387071
450963
685589
472105
786208
710555
688445
698505
547201
550693
604569
572530
484967
586790
651131
506197
793590
696922
601845
528821
503330
577373
752525
869884
565995
677798
668297
749272
441911
737861
567710
495866
606635
439760
609732
601440
526116
547430
604233
446644
626155
523010
619834
707745
656044
549908
767388
534963
414630
476637
742432
491882
486760
405696
761756
597998
375147
704906
627493
525113
811459
603938
678698
608749
815815
630246
438722
788602
400891
334332
717853
594973
414590
808052
590794
461768
493548
702601
715663
596168
485274
534074
705644
361961
616907
604161
585536
580418
484212
468146
647407
653249
600925
515850
290524
398933
679984
588964
626861
631383
655443
672275
544442
644859
524394
520643
505440
295217
599375
489923
703371
625755
669171
513278
490973
561359
667446
476615
584393
308744
502030
436065
583574
545203
550763
544628
703390
574711
554549
370375
597606
559281
404622
504833
624706
478734
444824
476331
537795
479666
575763
614578
496422
625552
696918
609664
630139
508763
512662
766350
820411
426348
620027
665912
553786
602830
414748
523936
576319
669070
575430
543467
599133
494303
652332
344816
596494
579777
461399
448453
475000
635641
603660
486964
668593
643157
546927
567619
459948
643766
555716
610512
560391
561844
459100
589095
327079
697900
515735
515169
538810
629083
619267
503609
676071
629736
641624
642726
760583
293577
509479
549856
374619
470725
796494
520954
604527
363836
554880
683620
419040
436214
438613
532053
701025
666694
370135
498597
560583
440575
503300
516554
821565
727509
555046
658701
625187
531809
603417
651653
505637
791376
451188
689869
609991
588745
559280
480347
856618
354597
627530
665299
445325
701478
568352
475859
537920
646266
617817
669575
415549
599904
626086
416345
614962
759135
407871
726826
365618
782566
710928
486256
737265
585472
657832
472949
547518
574885
602483
530638
602338
643784
631858
641128
660171
610472
506739
641125
491318
756187
507973
745010
307407
614905
611211
467465
703743
638582
531417
555672
579190
669368
621849
641011
668146
492673
818773
645821
452764
758283
480252
549194
447414
468412
584721
778923
730839
874432
621038
779365
644804
797730
639391
294844
583399
609555
632162
703026
436198
652892
611642
658895
618219
610295
717011
729063
501140
731241
780947
386233
312542
605969
456805
644249
