1599001
1562878
1494155
1540376
1424083
1662441
1513231
1498614
1525087
1298916
1581651
1413771
1505027
1595956
1581308
1492934
1513751
1477789
1570123
1629200
1532290
1611085
1344376
1585590
1390861
1499837
1614828
1733891
1468722
1502887
1390419
1538012
1531802
1567225
1413416
1745025
1558443
1419069
1717581
1612524
1521050
1467197
1586971
1606302
1533915
1625099
1512013
1605198
1587625
1601038
1607432
1390793
1514798
1584415
1528255
1620477
1586696
1392907
1743879
1467167
1449768
1462551
1491679
1453606
1571093
1587521
1742522
1579498
1481101
1477707
1532478
1659635
1563654
1376538
1649306
1483242
1670269
1730207
1923652
1642362
1545359
1512177
1482082
1833526
1651349
1625925
1578355
1810313
1442652
1754627
1335985
1354321
1265785
1617150
1613819
1526640
1537732
1665037
1750669
1493684
1616853
1646060
1493711
1504742
1672720
1758915
1461434
1493186
1736611
1448618
1510715
1665215
1344097
1598083
1548947
1380766
1521289
1642449
1512037
1563464
1505969
1477799
1646047
1459511
1429283
1590231
1619103
1651317
1374683
1547074
1669956
1645266
1485231
1686511
1688801
1927656
1506518
1562299
1724480
1843517
1511582
1685919
1524666
1567698
1632657
1575013
1485083
1613431
1718096
1572166
1419460
1576619
1679818
1524634
1525096
1561743
1379490
1657462
1708078
1611736
1544045
1856048
1652355
1492267
1513373
1693593
1603522
1490116
1492119
1621159
1683290
1720250
1631244
1611926
1726221
1771129
1601041
1512623
1500250
1483464
1621787
1721579
1657976
1554938
1428868
1650673
1576855
1448704
1594830
1534089
1472414
1565626
1534479
1750214
1627430
1654695
1505381
1592033
1570305
1625844
1634808
1698460
1606184
1695086
1681662
1545558
1793211
1564661
1463754
1789185
1564960
1519103
1666627
1864540
1686319
1761276
1614235
1403947
1695506
1473714
1776150
1584443
1617380
1711060
1659755
1575940
1626336
1553109
1640193
1587680
1328866
1318832
1588765
1674907
1635429
1473578
1420057
1540326
1581509
1696163
1694152
1647015
1738572
1617994
1776745
1607772
1548536
1673616
1522352
1674042
1478546
1830050
1540787
1554583
1666442
1748051
1932318
1712001
1511317
1783442
1612736
1540041
1652468
1731824
1598108
1662920
1319587
1487182
1634199
1470122
1754047
1656305
1746674
1576969
1729730
1717793
1742644
1725675
1692427
1511344
1604028
1550809
1473715
1613352
1626509
1579150
1635308
1656888
1619260
1565359
1532264
1417102
1702845
1474442
1672355
1523734
1645888
1824688
1809831
1527549
1591663
1590287
1550032
1581161
1646117
1706226
1736239
1582313
1394744
1503305
1705928
1520437
1567637
1655761
1639127
1492448
1861699
1584188
1625498
1514554
1548769
1393656
1677749
1535371
1477040
1667361
1485110
1603490
1661875
1592132
1748353
1716922
1682852
1741640
1493477
1513663
1668495
1512351
1557133
1742759
1540547
1539065
1865310
1419178
1523442
1541017
1611644
1534369
1553396
1783135
1478453
1640907
1600419
1629916
1590829
1508647
1647235
1484241
1374297
1682559
1476189
1551140
1772429
1447991
1673932
1525484
1659457
1435329
1575765
1587259
1626224
1639757
1472170
1570609
1562758
1651697
1689886
1613678
1483416
1501232
1483201
1895598
1527888
1550150
1542337
1512307
1591407
1454130
1797487
1790775
1619164
1463576
1439656
1399376
1571056
1488852
1681777
1594450
1647292
1594577
1581928
1643932
1614456
1388935
1523444
1638762
1568038
1682583
1637843
1483978
1533735
1355413
1628064
1496406
1534462
1870533
1897468
1641152
1501277
1393122
