841654
714335
526367
460655
651230
343627
770976
540943
515288
649590
530666
656966
736894
546765
753314
515104
410700
597311
383314
334422
644289
420257
709762
545468
682840
764532
395644
477537
686692
539625
613708
780749
567779
554110
699794
357051
522891
554718
602308
423607
694399
747833
622830
418176
456209
488911
573246
704572
548335
734228
559615
658187
549846
652422
640489
507961
692891
638368
461682
661698
563655
532290
729623
640905
498913
605640
391145
532968
682829
596044
479771
518490
805386
734449
601581
897280
383291
592952
510957
411356
634645
725377
518545
387724
529243
411501
781218
485368
618403
519912
624451
681768
792414
430989
585624
669311
604343
509077
511008
666170
478660
594387
459343
544980
472079
458908
781880
676085
257508
428142
669934
403631
734250
399289
755786
628017
657645
608329
627972
743420
630943
667405
574481
739703
713128
709769
501386
572317
752127
491825
420644
551470
494025
525170
643213
342351
497694
692463
535404
497431
473306
462727
846831
474040
486494
646518
450102
529275
349850
565729
511369
539779
628104
433408
820657
850569
649301
494209
623976
326856
611805
428828
600741
551776
517608
456883
657848
722454
548881
763524
446447
422233
529864
554300
536211
507369
498196
580772
645469
747330
834333
626132
408684
602742
690915
464588
514346
625665
607372
567696
749836
660375
706725
701213
519839
602026
537892
528856
507168
607522
620863
486825
473014
574943
480589
892342
451403
745918
699316
412256
630921
682913
376627
307393
505776
614993
534803
783416
646516
768097
345788
683467
684440
559253
549094
691038
544545
578957
610029
533412
720860
818148
527740
562974
598553
506716
506176
779970
545108
384569
498706
496799
593324
604714
393580
469802
622678
529561
625159
578299
615766
571778
609363
612284
618803
550140
339326
399002
631667
476238
465315
563446
547249
447201
688588
439958
871341
648950
552054
714678
533497
501244
672891
471775
501179
513682
465190
391886
434950
731691
466545
566099
631305
490566
359552
873917
601857
539900
752765
710560
417886
808588
439272
908366
519409
539290
681716
485742
498200
687042
453956
489663
826477
666886
539944
599843
507105
647777
530335
515830
485670
567506
553820
559074
504100
602543
379308
371080
669958
542221
587884
764243
509615
730926
412986
724686
634004
477855
639444
453034
429939
553863
525872
358738
635350
563406
662600
634389
563425
587540
591135
448444
473463
600640
857584
423061
424072
726019
455983
378037
610359
632788
598707
541843
553332
707359
497071
618619
740489
422957
610284
585032
467476
657528
581394
464973
579214
566305
863472
544480
509209
639422
570731
537453
652469
539275
477568
463598
641379
604401
595297
358373
399983
550673
751543
476054
674985
743320
501743
487457
542759
504145
576149
472836
554550
478427
420063
354464
459961
857223
581317
493157
500026
654683
787002
454990
566964
405166
490582
652371
495898
662168
617440
518997
431235
489878
536634
499523
788562
709273
