1150293
975298
957051
942084
847451
1105649
884871
929586
942223
804236
1003699
880179
983611
988604
991972
981618
944839
952301
999311
1048864
1028906
1027145
815904
1065870
862525
967089
1058804
1211391
964882
939367
830691
953716
1014042
996973
828780
1129621
1020191
825649
1113021
1015168
985822
915373
1010095
1065250
973583
1080535
959153
1040474
1018093
1002818
1056896
824309
976394
1033507
1015603
999745
1025888
815111
1196599
883651
879988
897955
939427
904510
958917
1107981
1153422
1028886
934265
918603
963090
987287
975658
852182
1094514
914602
1095657
1120211
1382768
1076606
985823
1001733
880174
1199566
1055533
1090717
1024579
1184061
877076
1238483
783941
773909
766477
1069734
956175
995748
994660
1150049
1165225
961164
1049785
1085348
964835
911094
1074992
1068471
961994
917410
1102479
938658
921179
1097967
762297
999991
990387
821386
973617
1102273
902781
979652
870257
856943
1077075
956347
809071
1013927
1082311
1092137
842699
1021882
1095876
1086710
908807
1149999
1140293
1357928
941538
1014123
1126812
1256321
943250
1100187
916414
934634
1043545
1014337
927679
1123207
1132184
995646
919564
932051
1061906
990974
857660
954435
838130
1031814
1160386
1061444
977389
1319268
1024791
940351
948117
1108117
1022366
879748
904591
1072315
1079078
1086850
1067604
1077214
1121865
1159389
991593
898807
949514
897628
1062903
1136431
1079440
984318
851512
984401
1054335
816320
1012726
874997
845330
940250
893335
1192698
1041074
1008783
883101
1031977
951217
1073860
1114560
1065136
1030620
1121162
1053318
956586
1230923
957021
815722
1140357
990912
965011
1068467
1282524
1141251
1158924
1000979
800563
1137670
888278
1190250
998719
1049188
1140032
1132459
954432
1027668
955629
1064273
1003468
714622
749172
911269
1100683
1023701
903198
894097
966662
956037
1082307
1145096
1084803
1091272
982682
1201473
949304
955196
1074552
968064
1046362
892038
1152178
945399
932767
1110886
1181079
1332586
1101505
906165
1151834
1025956
921165
1043752
1105744
993248
1071304
771103
963710
1016083
899970
1165291
1049409
1133030
915937
1134746
1141425
1042436
1147923
1081527
904228
1005244
1008985
868255
1014168
1070637
1007082
1014268
974704
1027732
955455
976196
852394
1078173
873226
1046635
902726
1022100
1201716
1197391
925825
983143
962535
969032
974021
1057017
1146662
1176015
998625
840860
896257
1116816
901445
883209
1076693
1082835
843788
1234315
967808
1008242
914206
974249
839516
1059681
928307
916532
1066745
882690
961922
1088287
1004280
1136297
1140098
1002540
1086908
935533
930819
1056675
934055
960929
1089135
946675
1002545
1307826
818178
914522
973377
957396
955261
940952
1186079
839357
1039707
1064343
1073472
946365
958915
1006575
892637
819985
1114579
901145
962088
1132525
882151
1031664
963756
1093885
844933
977561
1041475
1021856
1045013
893098
963673
996662
1056869
1153238
946538
850712
892244
904153
1283110
933476
926886
963721
904195
979735
892370
1197167
1173863
1018696
905732
825984
802608
994840
941500
1004441
1020690
988344
1034405
1004904
1032284
1020212
771467
934500
1004426
1014622
1082819
1013999
947078
945475
799905
1057268
896650
990286
1216401
1364320
1028572
961545
801342
