448708
587580
537104
598292
576632
556792
628360
569028
582864
494680
577952
533592
521416
607352
589336
511316
568912
525488
570812
580336
503384
583940
528472
519720
528336
532748
556024
522500
503840
563520
559728
584296
517760
570252
584636
615404
538252
593420
604560
597356
535228
551824
576876
541052
560332
544564
552860
564724
569532
598220
550536
566484
538404
550908
512652
620732
560808
577796
547280
583516
569780
564596
552252
549096
612176
479540
589100
550612
546836
559104
569388
672348
587996
524356
554792
568640
574612
609996
540884
565756
559536
510444
601908
633960
595816
535208
553776
626252
565576
516144
552044
580412
499308
547416
657644
530892
543072
514988
585444
532520
567068
560712
528876
593648
597728
690444
499440
575776
634132
509960
589536
567248
581800
598092
558560
559380
547672
540176
609256
583812
635712
620856
568972
503164
620212
576304
536792
559180
531984
525192
574080
558556
576424
536512
548508
569728
564980
548176
597668
587196
568332
585732
608252
633064
589112
560676
557404
490224
585912
576520
499896
644568
617912
533660
667436
607308
541360
625648
547692
550292
566656
536780
627564
551916
565256
585476
581156
610368
587528
548844
604212
633400
563640
534712
604356
611740
609448
613816
550736
585836
558884
585148
578536
570620
577356
666272
522520
632384
582104
659092
627084
625376
641144
557516
586356
645912
622280
560056
619088
551984
520248
633324
575564
573924
628344
588972
562288
607640
648032
648828
574048
554092
598160
582016
545068
602352
613256
603384
557836
585436
585900
585724
568192
571028
527296
621508
598668
597480
575920
584212
614244
569660
677496
574224
611728
570380
525960
573664
625472
613856
549056
562212
647300
635312
575272
658468
593340
599064
554288
627680
586508
677872
595388
621816
555556
566972
599732
610496
605152
631608
586780
618876
608716
626080
604860
591616
548484
523472
618116
570152
588756
606896
613644
661032
594984
576368
700208
577752
610900
607116
598784
541824
605460
599184
555872
572068
621040
682184
591528
609904
556068
564708
624672
601216
625720
621008
623788
622972
612440
601724
608520
627752
581000
607140
589100
559564
560224
583688
553884
607048
589112
618992
684428
579068
556292
648660
627384
616380
617256
600348
574520
554140
618068
607064
560508
600616
602420
641568
573588
587852
612056
576824
680312
654732
557944
582844
611820
578296
596204
653624
593872
536520
557484
601000
608920
567640
654248
579108
612444
597056
639096
601200
536076
556444
644464
549732
640660
591604
554312
567980
575044
589052
639904
565840
642268
561728
565572
590396
598204
545784
604368
594744
579072
606936
566096
594828
536648
667140
632704
608988
579048
612488
594412
623264
578616
608112
611672
561760
600320
616912
600468
557844
613672
596768
576216
547352
677336
573760
658948
560172
577024
611648
594244
617468
588944
634336
553416
599764
623844
536900
588260
555508
570796
599756
544176
654132
533148
612580
539732
591780
